30.250000 14.375000 24.000000 0.000000 0.000000 1.000000
30.285713 12.303572 24.000000 0.000000 0.000000 1.000000
53.500000 14.375000 24.000000 0.000000 0.000000 1.000000
30.285713 12.303572 24.000000 0.000000 0.000000 1.000000
53.535713 12.303572 24.000000 0.000000 0.000000 1.000000
53.500000 14.375000 24.000000 0.000000 0.000000 1.000000
53.500000 14.375000 24.000000 0.999851 0.017238 0.000000
53.535713 12.303572 24.000000 0.999851 0.017238 0.000000
53.500000 14.375000 -24.750000 0.999851 0.017238 0.000000
53.535713 12.303572 24.000000 0.999851 0.017238 0.000000
53.535713 12.303572 -24.750000 0.999851 0.017238 0.000000
53.500000 14.375000 -24.750000 0.999851 0.017238 0.000000
53.500000 14.375000 -24.750000 0.000000 0.000000 -1.000000
53.535713 12.303572 -24.750000 0.000000 0.000000 -1.000000
30.250000 14.375000 -24.750000 0.000000 0.000000 -1.000000
53.535713 12.303572 -24.750000 0.000000 0.000000 -1.000000
30.285713 12.303572 -24.750000 0.000000 0.000000 -1.000000
30.250000 14.375000 -24.750000 0.000000 0.000000 -1.000000
30.250000 14.375000 -24.750000 -0.999851 -0.017238 0.000000
30.285713 12.303572 -24.750000 -0.999851 -0.017238 0.000000
30.250000 14.375000 24.000000 -0.999851 -0.017238 0.000000
30.285713 12.303572 -24.750000 -0.999851 -0.017238 0.000000
30.285713 12.303572 24.000000 -0.999851 -0.017238 0.000000
30.250000 14.375000 24.000000 -0.999851 -0.017238 0.000000
30.250000 14.375000 -24.750000 0.000000 1.000000 0.000000
30.250000 14.375000 24.000000 0.000000 1.000000 0.000000
53.500000 14.375000 -24.750000 0.000000 1.000000 0.000000
30.250000 14.375000 24.000000 0.000000 1.000000 0.000000
53.500000 14.375000 24.000000 0.000000 1.000000 0.000000
53.500000 14.375000 -24.750000 0.000000 1.000000 0.000000
30.285713 12.303572 24.000000 0.000000 -1.000000 0.000000
30.285713 12.303572 -24.750000 0.000000 -1.000000 0.000000
53.535713 12.303572 24.000000 0.000000 -1.000000 0.000000
30.285713 12.303572 -24.750000 0.000000 -1.000000 0.000000
53.535713 12.303572 -24.750000 0.000000 -1.000000 0.000000
53.535713 12.303572 24.000000 0.000000 -1.000000 0.000000
31.229176 12.448053 -22.586191 0.000000 0.000000 1.000000
31.251904 -1.142857 -22.586191 0.000000 0.000000 1.000000
32.014889 12.448053 -22.586191 0.000000 0.000000 1.000000
31.251904 -1.142857 -22.586191 0.000000 0.000000 1.000000
32.037617 -1.142857 -22.586191 0.000000 0.000000 1.000000
32.014889 12.448053 -22.586191 0.000000 0.000000 1.000000
32.014889 12.448053 -22.586191 0.999999 0.001672 0.000000
32.037617 -1.142857 -22.586191 0.999999 0.001672 0.000000
32.014889 12.448052 -23.586191 0.999999 0.001672 0.000000
32.037617 -1.142857 -22.586191 0.999999 0.001672 0.000000
32.037617 -1.142857 -23.586191 0.999999 0.001672 0.000000
32.014889 12.448052 -23.586191 0.999999 0.001672 0.000000
32.014889 12.448052 -23.586191 0.000000 0.000000 -1.000000
32.037617 -1.142857 -23.586191 0.000000 0.000000 -1.000000
31.229176 12.448052 -23.586191 0.000000 0.000000 -1.000000
32.037617 -1.142857 -23.586191 0.000000 0.000000 -1.000000
31.251904 -1.142857 -23.586191 0.000000 0.000000 -1.000000
31.229176 12.448052 -23.586191 0.000000 0.000000 -1.000000
31.229176 12.448052 -23.586191 -0.999999 -0.001672 0.000000
31.251904 -1.142857 -23.586191 -0.999999 -0.001672 0.000000
31.229176 12.448053 -22.586191 -0.999999 -0.001672 0.000000
31.251904 -1.142857 -23.586191 -0.999999 -0.001672 0.000000
31.251904 -1.142857 -22.586191 -0.999999 -0.001672 0.000000
31.229176 12.448053 -22.586191 -0.999999 -0.001672 0.000000
31.229176 12.448052 -23.586191 0.000000 1.000000 0.000000
31.229176 12.448053 -22.586191 0.000000 1.000000 0.000000
32.014889 12.448052 -23.586191 0.000000 1.000000 0.000000
31.229176 12.448053 -22.586191 0.000000 1.000000 0.000000
32.014889 12.448053 -22.586191 0.000000 1.000000 0.000000
32.014889 12.448052 -23.586191 0.000000 1.000000 0.000000
31.251904 -1.142857 -22.586191 0.000000 -1.000000 0.000000
31.251904 -1.142857 -23.586191 0.000000 -1.000000 0.000000
32.037617 -1.142857 -22.586191 0.000000 -1.000000 0.000000
31.251904 -1.142857 -23.586191 0.000000 -1.000000 0.000000
32.037617 -1.142857 -23.586191 0.000000 -1.000000 0.000000
32.037617 -1.142857 -22.586191 0.000000 -1.000000 0.000000
51.724415 12.448053 -22.641428 0.000000 0.000000 1.000000
51.747143 -1.142857 -22.641428 0.000000 0.000000 1.000000
52.510128 12.448053 -22.641428 0.000000 0.000000 1.000000
51.747143 -1.142857 -22.641428 0.000000 0.000000 1.000000
52.532856 -1.142857 -22.641428 0.000000 0.000000 1.000000
52.510128 12.448053 -22.641428 0.000000 0.000000 1.000000
52.510128 12.448053 -22.641428 0.999999 0.001672 0.000000
52.532856 -1.142857 -22.641428 0.999999 0.001672 0.000000
52.510128 12.448052 -23.641428 0.999999 0.001672 0.000000
52.532856 -1.142857 -22.641428 0.999999 0.001672 0.000000
52.532856 -1.142857 -23.641428 0.999999 0.001672 0.000000
52.510128 12.448052 -23.641428 0.999999 0.001672 0.000000
52.510128 12.448052 -23.641428 0.000000 0.000000 -1.000000
52.532856 -1.142857 -23.641428 0.000000 0.000000 -1.000000
51.724415 12.448052 -23.641428 0.000000 0.000000 -1.000000
52.532856 -1.142857 -23.641428 0.000000 0.000000 -1.000000
51.747143 -1.142857 -23.641428 0.000000 0.000000 -1.000000
51.724415 12.448052 -23.641428 0.000000 0.000000 -1.000000
51.724415 12.448052 -23.641428 -0.999999 -0.001672 0.000000
51.747143 -1.142857 -23.641428 -0.999999 -0.001672 0.000000
51.724415 12.448053 -22.641428 -0.999999 -0.001672 0.000000
51.747143 -1.142857 -23.641428 -0.999999 -0.001672 0.000000
51.747143 -1.142857 -22.641428 -0.999999 -0.001672 0.000000
51.724415 12.448053 -22.641428 -0.999999 -0.001672 0.000000
51.724415 12.448052 -23.641428 0.000000 1.000000 0.000000
51.724415 12.448053 -22.641428 0.000000 1.000000 0.000000
52.510128 12.448052 -23.641428 0.000000 1.000000 0.000000
51.724415 12.448053 -22.641428 0.000000 1.000000 0.000000
52.510128 12.448053 -22.641428 0.000000 1.000000 0.000000
52.510128 12.448052 -23.641428 0.000000 1.000000 0.000000
51.747143 -1.142857 -22.641428 0.000000 -1.000000 0.000000
51.747143 -1.142857 -23.641428 0.000000 -1.000000 0.000000
52.532856 -1.142857 -22.641428 0.000000 -1.000000 0.000000
51.747143 -1.142857 -23.641428 0.000000 -1.000000 0.000000
52.532856 -1.142857 -23.641428 0.000000 -1.000000 0.000000
52.532856 -1.142857 -22.641428 0.000000 -1.000000 0.000000
51.288223 12.448053 22.234760 0.000000 0.000000 1.000000
51.310951 -1.142857 22.234760 0.000000 0.000000 1.000000
52.073936 12.448053 22.234760 0.000000 0.000000 1.000000
51.310951 -1.142857 22.234760 0.000000 0.000000 1.000000
52.096664 -1.142857 22.234760 0.000000 0.000000 1.000000
52.073936 12.448053 22.234760 0.000000 0.000000 1.000000
52.073936 12.448053 22.234760 0.999999 0.001672 0.000000
52.096664 -1.142857 22.234760 0.999999 0.001672 0.000000
52.073936 12.448052 21.234762 0.999999 0.001672 0.000000
52.096664 -1.142857 22.234760 0.999999 0.001672 0.000000
52.096664 -1.142857 21.234762 0.999999 0.001672 0.000000
52.073936 12.448052 21.234762 0.999999 0.001672 0.000000
52.073936 12.448052 21.234762 0.000000 0.000000 -1.000000
52.096664 -1.142857 21.234762 0.000000 0.000000 -1.000000
51.288223 12.448052 21.234762 0.000000 0.000000 -1.000000
52.096664 -1.142857 21.234762 0.000000 0.000000 -1.000000
51.310951 -1.142857 21.234762 0.000000 0.000000 -1.000000
51.288223 12.448052 21.234762 0.000000 0.000000 -1.000000
51.288223 12.448052 21.234762 -0.999999 -0.001672 0.000000
51.310951 -1.142857 21.234762 -0.999999 -0.001672 0.000000
51.288223 12.448053 22.234760 -0.999999 -0.001672 0.000000
51.310951 -1.142857 21.234762 -0.999999 -0.001672 0.000000
51.310951 -1.142857 22.234760 -0.999999 -0.001672 0.000000
51.288223 12.448053 22.234760 -0.999999 -0.001672 0.000000
51.288223 12.448052 21.234762 0.000000 1.000000 0.000000
51.288223 12.448053 22.234760 0.000000 1.000000 0.000000
52.073936 12.448052 21.234762 0.000000 1.000000 0.000000
51.288223 12.448053 22.234760 0.000000 1.000000 0.000000
52.073936 12.448053 22.234760 0.000000 1.000000 0.000000
52.073936 12.448052 21.234762 0.000000 1.000000 0.000000
51.310951 -1.142857 22.234760 0.000000 -1.000000 0.000000
51.310951 -1.142857 21.234762 0.000000 -1.000000 0.000000
52.096664 -1.142857 22.234760 0.000000 -1.000000 0.000000
51.310951 -1.142857 21.234762 0.000000 -1.000000 0.000000
52.096664 -1.142857 21.234762 0.000000 -1.000000 0.000000
52.096664 -1.142857 22.234760 0.000000 -1.000000 0.000000
32.069176 12.448053 22.369999 0.000000 0.000000 1.000000
32.091904 -1.142857 22.369999 0.000000 0.000000 1.000000
32.854889 12.448053 22.369999 0.000000 0.000000 1.000000
32.091904 -1.142857 22.369999 0.000000 0.000000 1.000000
32.877617 -1.142857 22.369999 0.000000 0.000000 1.000000
32.854889 12.448053 22.369999 0.000000 0.000000 1.000000
32.854889 12.448053 22.369999 0.999999 0.001672 0.000000
32.877617 -1.142857 22.369999 0.999999 0.001672 0.000000
32.854889 12.448052 21.370001 0.999999 0.001672 0.000000
32.877617 -1.142857 22.369999 0.999999 0.001672 0.000000
32.877617 -1.142857 21.370001 0.999999 0.001672 0.000000
32.854889 12.448052 21.370001 0.999999 0.001672 0.000000
32.854889 12.448052 21.370001 0.000000 0.000000 -1.000000
32.877617 -1.142857 21.370001 0.000000 0.000000 -1.000000
32.069176 12.448052 21.370001 0.000000 0.000000 -1.000000
32.877617 -1.142857 21.370001 0.000000 0.000000 -1.000000
32.091904 -1.142857 21.370001 0.000000 0.000000 -1.000000
32.069176 12.448052 21.370001 0.000000 0.000000 -1.000000
32.069176 12.448052 21.370001 -0.999999 -0.001672 0.000000
32.091904 -1.142857 21.370001 -0.999999 -0.001672 0.000000
32.069176 12.448053 22.369999 -0.999999 -0.001672 0.000000
32.091904 -1.142857 21.370001 -0.999999 -0.001672 0.000000
32.091904 -1.142857 22.369999 -0.999999 -0.001672 0.000000
32.069176 12.448053 22.369999 -0.999999 -0.001672 0.000000
32.069176 12.448052 21.370001 0.000000 1.000000 0.000000
32.069176 12.448053 22.369999 0.000000 1.000000 0.000000
32.854889 12.448052 21.370001 0.000000 1.000000 0.000000
32.069176 12.448053 22.369999 0.000000 1.000000 0.000000
32.854889 12.448053 22.369999 0.000000 1.000000 0.000000
32.854889 12.448052 21.370001 0.000000 1.000000 0.000000
32.091904 -1.142857 22.369999 0.000000 -1.000000 0.000000
32.091904 -1.142857 21.370001 0.000000 -1.000000 0.000000
32.877617 -1.142857 22.369999 0.000000 -1.000000 0.000000
32.091904 -1.142857 21.370001 0.000000 -1.000000 0.000000
32.877617 -1.142857 21.370001 0.000000 -1.000000 0.000000
32.877617 -1.142857 22.369999 0.000000 -1.000000 0.000000
57.050476 57.000000 41.478092 0.000000 0.000000 -1.000000
-56.949524 -0.999999 41.478092 0.000000 0.000000 -1.000000
-56.949524 57.000000 41.478092 0.000000 0.000000 -1.000000
57.050476 57.000000 41.478092 0.000000 0.000000 -1.000000
57.050476 -0.999999 41.478092 0.000000 0.000000 -1.000000
-56.949524 -0.999999 41.478092 0.000000 0.000000 -1.000000
57.050476 57.000000 -40.521908 -1.000000 0.000000 0.000000
57.050476 -0.999999 41.478092 -1.000000 0.000000 0.000000
57.050476 57.000000 41.478092 -1.000000 0.000000 0.000000
57.050476 57.000000 -40.521908 -1.000000 0.000000 0.000000
57.050476 -0.999999 -40.521908 -1.000000 0.000000 0.000000
57.050476 -0.999999 41.478092 -1.000000 0.000000 0.000000
-56.949524 57.000000 -40.521908 0.000000 0.000000 1.000000
57.050476 -0.999999 -40.521908 0.000000 0.000000 1.000000
57.050476 57.000000 -40.521908 0.000000 0.000000 1.000000
-56.949524 57.000000 -40.521908 0.000000 0.000000 1.000000
-56.949524 -0.999999 -40.521908 0.000000 0.000000 1.000000
57.050476 -0.999999 -40.521908 0.000000 0.000000 1.000000
-56.949524 57.000000 41.478092 1.000000 0.000000 0.000000
-56.949524 -0.999999 -40.521908 1.000000 0.000000 0.000000
-56.949524 57.000000 -40.521908 1.000000 0.000000 0.000000
-56.949524 57.000000 41.478092 1.000000 0.000000 0.000000
-56.949524 -0.999999 41.478092 1.000000 0.000000 0.000000
-56.949524 -0.999999 -40.521908 1.000000 0.000000 0.000000
57.050476 57.000000 -40.521908 0.000000 -1.000000 0.000000
-56.949524 57.000000 41.478092 0.000000 -1.000000 0.000000
-56.949524 57.000000 -40.521908 0.000000 -1.000000 0.000000
57.050476 57.000000 -40.521908 0.000000 -1.000000 0.000000
57.050476 57.000000 41.478092 0.000000 -1.000000 0.000000
-56.949524 57.000000 41.478092 0.000000 -1.000000 0.000000
57.050476 -0.999999 41.478092 0.000000 1.000000 0.000000
-56.949524 -0.999999 -40.521908 0.000000 1.000000 0.000000
-56.949524 -0.999999 41.478092 0.000000 1.000000 0.000000
57.050476 -0.999999 41.478092 0.000000 1.000000 0.000000
57.050476 -0.999999 -40.521908 0.000000 1.000000 0.000000
-56.949524 -0.999999 -40.521908 0.000000 1.000000 0.000000
36.769394 23.916668 14.901917 -0.500000 0.000000 0.866025
36.769394 14.583332 14.901917 -0.500000 0.000000 0.866025
42.831570 23.916668 18.401918 -0.500000 0.000000 0.866025
36.769394 14.583332 14.901917 -0.500000 0.000000 0.866025
42.831570 14.583332 18.401918 -0.500000 0.000000 0.866025
42.831570 23.916668 18.401918 -0.500000 0.000000 0.866025
42.831570 23.916668 18.401918 0.866026 0.000000 0.500000
42.831570 14.583332 18.401918 0.866026 0.000000 0.500000
48.998230 23.916668 7.720937 0.866026 0.000000 0.500000
42.831570 14.583332 18.401918 0.866026 0.000000 0.500000
48.998230 14.583332 7.720937 0.866026 0.000000 0.500000
48.998230 23.916668 7.720937 0.866026 0.000000 0.500000
48.998230 23.916668 7.720937 0.500000 0.000000 -0.866025
48.998230 14.583332 7.720937 0.500000 0.000000 -0.866025
42.936054 23.916668 4.220936 0.500000 0.000000 -0.866025
48.998230 14.583332 7.720937 0.500000 0.000000 -0.866025
42.936054 14.583332 4.220936 0.500000 0.000000 -0.866025
42.936054 23.916668 4.220936 0.500000 0.000000 -0.866025
42.936054 23.916668 4.220936 -0.866026 0.000000 -0.500000
42.936054 14.583332 4.220936 -0.866026 0.000000 -0.500000
36.769394 23.916668 14.901917 -0.866026 0.000000 -0.500000
42.936054 14.583332 4.220936 -0.866026 0.000000 -0.500000
36.769394 14.583332 14.901917 -0.866026 0.000000 -0.500000
36.769394 23.916668 14.901917 -0.866026 0.000000 -0.500000
42.936054 23.916668 4.220936 0.000000 1.000000 0.000000
36.769394 23.916668 14.901917 0.000000 1.000000 0.000000
48.998230 23.916668 7.720937 0.000000 1.000000 0.000000
36.769394 23.916668 14.901917 0.000000 1.000000 0.000000
42.831570 23.916668 18.401918 0.000000 1.000000 0.000000
48.998230 23.916668 7.720937 0.000000 1.000000 0.000000
36.769394 14.583332 14.901917 0.000000 -1.000000 0.000000
42.936054 14.583332 4.220936 0.000000 -1.000000 0.000000
42.831570 14.583332 18.401918 0.000000 -1.000000 0.000000
42.936054 14.583332 4.220936 0.000000 -1.000000 0.000000
48.998230 14.583332 7.720937 0.000000 -1.000000 0.000000
42.831570 14.583332 18.401918 0.000000 -1.000000 0.000000
42.553787 23.291668 4.686215 -0.862391 0.000000 -0.506244
36.887131 14.958332 14.339418 -0.862391 0.000000 -0.506244
36.887131 23.291668 14.339418 -0.862391 0.000000 -0.506244
42.553787 23.291668 4.686215 -0.862391 0.000000 -0.506244
42.553787 14.958332 4.686215 -0.862391 0.000000 -0.506244
36.887131 14.958332 14.339418 -0.862391 0.000000 -0.506244
44.886906 14.428442 -19.067783 0.971904 0.000000 -0.235377
44.886906 16.539553 -19.067783 0.971904 0.000000 0.235377
43.620102 14.428442 -17.324181 0.309017 0.000000 0.951057
44.886906 16.539553 -19.067783 0.971904 0.000000 0.235377
43.620102 16.539553 -17.324181 0.309017 0.000000 0.951057
43.620102 14.428442 -17.324181 0.309017 0.000000 0.951057
44.886906 16.539553 -19.067783 0.971904 0.000000 0.235377
44.886906 18.650663 -19.067783 0.971904 0.000000 -0.235377
43.620102 18.650663 -17.324181 0.309017 0.000000 0.951057
44.886906 16.539553 -19.067783 0.971904 0.000000 0.235377
43.620102 18.650663 -17.324181 0.309017 0.000000 0.951057
43.620102 16.539553 -17.324181 0.309017 0.000000 0.951057
44.886906 18.650663 -19.067783 0.971904 0.000000 -0.235377
44.886906 20.761774 -19.067783 0.971904 0.000000 0.235377
43.620102 18.650663 -17.324181 0.309017 0.000000 0.951057
44.886906 20.761774 -19.067783 0.971904 0.000000 0.235377
43.620102 20.761774 -17.324181 0.309017 0.000000 0.951057
43.620102 18.650663 -17.324181 0.309017 0.000000 0.951057
43.620102 14.428442 -17.324181 0.309017 0.000000 0.951057
43.620102 16.539553 -17.324181 0.309017 0.000000 0.951057
41.570374 16.539553 -17.990177 -0.809017 0.000000 0.587785
43.620102 14.428442 -17.324181 0.309017 0.000000 0.951057
41.570374 16.539553 -17.990177 -0.809017 0.000000 0.587785
41.570374 14.428442 -17.990177 -0.809017 0.000000 0.587785
43.620102 16.539553 -17.324181 0.309017 0.000000 0.951057
43.620102 18.650663 -17.324181 0.309017 0.000000 0.951057
41.570374 16.539553 -17.990177 -0.809017 0.000000 0.587785
43.620102 18.650663 -17.324181 0.309017 0.000000 0.951057
41.570374 18.650663 -17.990177 -0.809017 0.000000 0.587785
41.570374 16.539553 -17.990177 -0.809017 0.000000 0.587785
43.620102 18.650663 -17.324181 0.309017 0.000000 0.951057
43.620102 20.761774 -17.324181 0.309017 0.000000 0.951057
41.570374 20.761774 -17.990177 -0.809017 0.000000 0.587785
43.620102 18.650663 -17.324181 0.309017 0.000000 0.951057
41.570374 20.761774 -17.990177 -0.809017 0.000000 0.587785
41.570374 18.650663 -17.990177 -0.809017 0.000000 0.587785
41.570374 14.428442 -17.990177 -0.809017 0.000000 0.587785
41.570374 16.539553 -17.990177 -0.809017 0.000000 0.587785
41.570374 14.428442 -20.145390 -0.809017 0.000000 -0.587785
41.570374 16.539553 -17.990177 -0.809017 0.000000 0.587785
41.570374 16.539553 -20.145390 -0.809017 0.000000 -0.587785
41.570374 14.428442 -20.145390 -0.809017 0.000000 -0.587785
41.570374 16.539553 -17.990177 -0.809017 0.000000 0.587785
41.570374 18.650663 -17.990177 -0.809017 0.000000 0.587785
41.570374 18.650663 -20.145390 -0.809017 0.000000 -0.587785
41.570374 16.539553 -17.990177 -0.809017 0.000000 0.587785
41.570374 18.650663 -20.145390 -0.809017 0.000000 -0.587785
41.570374 16.539553 -20.145390 -0.809017 0.000000 -0.587785
41.570374 18.650663 -17.990177 -0.809017 0.000000 0.587785
41.570374 20.761774 -17.990177 -0.809017 0.000000 0.587785
41.570374 18.650663 -20.145390 -0.809017 0.000000 -0.587785
41.570374 20.761774 -17.990177 -0.809017 0.000000 0.587785
41.570374 20.761774 -20.145390 -0.809017 0.000000 -0.587785
41.570374 18.650663 -20.145390 -0.809017 0.000000 -0.587785
41.570374 14.428442 -20.145390 -0.809017 0.000000 -0.587785
41.570374 16.539553 -20.145390 -0.809017 0.000000 -0.587785
43.620102 16.539553 -20.811386 0.309017 0.000000 -0.951057
41.570374 14.428442 -20.145390 -0.809017 0.000000 -0.587785
43.620102 16.539553 -20.811386 0.309017 0.000000 -0.951057
43.620102 14.428442 -20.811386 0.309017 0.000000 -0.951057
41.570374 16.539553 -20.145390 -0.809017 0.000000 -0.587785
41.570374 18.650663 -20.145390 -0.809017 0.000000 -0.587785
43.620102 16.539553 -20.811386 0.309017 0.000000 -0.951057
41.570374 18.650663 -20.145390 -0.809017 0.000000 -0.587785
43.620102 18.650663 -20.811386 0.309017 0.000000 -0.951057
43.620102 16.539553 -20.811386 0.309017 0.000000 -0.951057
41.570374 18.650663 -20.145390 -0.809017 0.000000 -0.587785
41.570374 20.761774 -20.145390 -0.809017 0.000000 -0.587785
43.620102 20.761774 -20.811386 0.309017 0.000000 -0.951057
41.570374 18.650663 -20.145390 -0.809017 0.000000 -0.587785
43.620102 20.761774 -20.811386 0.309017 0.000000 -0.951057
43.620102 18.650663 -20.811386 0.309017 0.000000 -0.951057
43.620102 14.428442 -20.811386 0.309017 0.000000 -0.951057
43.620102 16.539553 -20.811386 0.309017 0.000000 -0.951057
44.886906 14.428442 -19.067783 0.971904 0.000000 -0.235377
43.620102 16.539553 -20.811386 0.309017 0.000000 -0.951057
44.886906 16.539553 -19.067783 0.971904 0.000000 0.235377
44.886906 14.428442 -19.067783 0.971904 0.000000 -0.235377
43.620102 16.539553 -20.811386 0.309017 0.000000 -0.951057
43.620102 18.650663 -20.811386 0.309017 0.000000 -0.951057
44.886906 18.650663 -19.067783 0.971904 0.000000 -0.235377
43.620102 16.539553 -20.811386 0.309017 0.000000 -0.951057
44.886906 18.650663 -19.067783 0.971904 0.000000 -0.235377
44.886906 16.539553 -19.067783 0.971904 0.000000 0.235377
43.620102 18.650663 -20.811386 0.309017 0.000000 -0.951057
43.620102 20.761774 -20.811386 0.309017 0.000000 -0.951057
44.886906 18.650663 -19.067783 0.971904 0.000000 -0.235377
43.620102 20.761774 -20.811386 0.309017 0.000000 -0.951057
44.886906 20.761774 -19.067783 0.971904 0.000000 0.235377
44.886906 18.650663 -19.067783 0.971904 0.000000 -0.235377
-8.583334 39.737968 -40.067780 0.000000 0.000000 1.000000
-8.583334 22.571301 -40.067780 0.000000 0.000000 1.000000
8.583334 39.737968 -40.067780 0.000000 0.000000 1.000000
-8.583334 22.571301 -40.067780 0.000000 0.000000 1.000000
8.583334 22.571301 -40.067780 0.000000 0.000000 1.000000
8.583334 39.737968 -40.067780 0.000000 0.000000 1.000000
33.975811 10.857143 30.350670 -0.642787 0.000000 0.766045
33.975811 -1.142858 30.350670 -0.642787 0.000000 0.766045
42.095882 10.857143 37.164215 -0.642787 0.000000 0.766045
33.975811 -1.142858 30.350670 -0.642787 0.000000 0.766045
42.095882 -1.142858 37.164215 -0.642787 0.000000 0.766045
42.095882 10.857143 37.164215 -0.642787 0.000000 0.766045
42.095882 10.857143 37.164215 0.766045 0.000000 0.642787
42.095882 -1.142858 37.164215 0.766045 0.000000 0.642787
49.809334 10.857143 27.971678 0.766045 0.000000 0.642787
42.095882 -1.142858 37.164215 0.766045 0.000000 0.642787
49.809334 -1.142858 27.971678 0.766045 0.000000 0.642787
49.809334 10.857143 27.971678 0.766045 0.000000 0.642787
49.809334 10.857143 27.971678 0.642788 0.000000 -0.766044
49.809334 -1.142858 27.971678 0.642788 0.000000 -0.766044
41.689266 10.857143 21.158131 0.642788 0.000000 -0.766044
49.809334 -1.142858 27.971678 0.642788 0.000000 -0.766044
41.689266 -1.142858 21.158131 0.642788 0.000000 -0.766044
41.689266 10.857143 21.158131 0.642788 0.000000 -0.766044
41.689266 10.857143 21.158131 -0.766044 0.000000 -0.642788
41.689266 -1.142858 21.158131 -0.766044 0.000000 -0.642788
33.975811 10.857143 30.350670 -0.766044 0.000000 -0.642788
41.689266 -1.142858 21.158131 -0.766044 0.000000 -0.642788
33.975811 -1.142858 30.350670 -0.766044 0.000000 -0.642788
33.975811 10.857143 30.350670 -0.766044 0.000000 -0.642788
41.689266 10.857143 21.158131 0.000000 1.000000 0.000000
33.975811 10.857143 30.350670 0.000000 1.000000 0.000000
49.809334 10.857143 27.971678 0.000000 1.000000 0.000000
33.975811 10.857143 30.350670 0.000000 1.000000 0.000000
42.095882 10.857143 37.164215 0.000000 1.000000 0.000000
49.809334 10.857143 27.971678 0.000000 1.000000 0.000000
33.975811 -1.142858 30.350670 0.000000 -1.000000 0.000000
41.689266 -1.142858 21.158131 0.000000 -1.000000 0.000000
42.095882 -1.142858 37.164215 0.000000 -1.000000 0.000000
41.689266 -1.142858 21.158131 0.000000 -1.000000 0.000000
49.809334 -1.142858 27.971678 0.000000 -1.000000 0.000000
42.095882 -1.142858 37.164215 0.000000 -1.000000 0.000000
5.533334 -1.095366 27.865551 1.000000 0.000000 0.000000
5.533334 18.404634 27.865551 1.000000 0.000000 0.000000
3.971236 -1.095366 31.636805 0.707107 0.000000 0.707107
5.533334 18.404634 27.865551 1.000000 0.000000 0.000000
3.971236 18.404634 31.636805 0.707107 0.000000 0.707107
3.971236 -1.095366 31.636805 0.707107 0.000000 0.707107
5.533334 18.404634 27.865551 1.000000 0.000000 0.000000
5.533334 37.904633 27.865551 1.000000 0.000000 0.000000
3.971236 37.904633 31.636805 0.707107 0.000000 0.707107
5.533334 18.404634 27.865551 1.000000 0.000000 0.000000
3.971236 37.904633 31.636805 0.707107 0.000000 0.707107
3.971236 18.404634 31.636805 0.707107 0.000000 0.707107
5.533334 37.904633 27.865551 1.000000 0.000000 0.000000
5.533334 57.404633 27.865551 1.000000 0.000000 0.000000
3.971236 37.904633 31.636805 0.707107 0.000000 0.707107
5.533334 57.404633 27.865551 1.000000 0.000000 0.000000
3.971236 57.404633 31.636805 0.707107 0.000000 0.707107
3.971236 37.904633 31.636805 0.707107 0.000000 0.707107
3.971236 -1.095366 31.636805 0.707107 0.000000 0.707107
3.971236 18.404634 31.636805 0.707107 0.000000 0.707107
0.200000 18.404634 33.198895 0.000000 0.000000 1.000000
3.971236 -1.095366 31.636805 0.707107 0.000000 0.707107
0.200000 18.404634 33.198895 0.000000 0.000000 1.000000
0.200000 -1.095366 33.198895 0.000000 0.000000 1.000000
3.971236 18.404634 31.636805 0.707107 0.000000 0.707107
3.971236 37.904633 31.636805 0.707107 0.000000 0.707107
0.200000 18.404634 33.198895 0.000000 0.000000 1.000000
3.971236 37.904633 31.636805 0.707107 0.000000 0.707107
0.200000 37.904633 33.198895 0.000000 0.000000 1.000000
0.200000 18.404634 33.198895 0.000000 0.000000 1.000000
3.971236 37.904633 31.636805 0.707107 0.000000 0.707107
3.971236 57.404633 31.636805 0.707107 0.000000 0.707107
0.200000 57.404633 33.198895 0.000000 0.000000 1.000000
3.971236 37.904633 31.636805 0.707107 0.000000 0.707107
0.200000 57.404633 33.198895 0.000000 0.000000 1.000000
0.200000 37.904633 33.198895 0.000000 0.000000 1.000000
0.200000 -1.095366 33.198895 0.000000 0.000000 1.000000
0.200000 18.404634 33.198895 0.000000 0.000000 1.000000
-3.571236 -1.095366 31.636805 -0.707107 0.000000 0.707107
0.200000 18.404634 33.198895 0.000000 0.000000 1.000000
-3.571236 18.404634 31.636805 -0.707107 0.000000 0.707107
-3.571236 -1.095366 31.636805 -0.707107 0.000000 0.707107
0.200000 18.404634 33.198895 0.000000 0.000000 1.000000
0.200000 37.904633 33.198895 0.000000 0.000000 1.000000
-3.571236 37.904633 31.636805 -0.707107 0.000000 0.707107
0.200000 18.404634 33.198895 0.000000 0.000000 1.000000
-3.571236 37.904633 31.636805 -0.707107 0.000000 0.707107
-3.571236 18.404634 31.636805 -0.707107 0.000000 0.707107
0.200000 37.904633 33.198895 0.000000 0.000000 1.000000
0.200000 57.404633 33.198895 0.000000 0.000000 1.000000
-3.571236 37.904633 31.636805 -0.707107 0.000000 0.707107
0.200000 57.404633 33.198895 0.000000 0.000000 1.000000
-3.571236 57.404633 31.636805 -0.707107 0.000000 0.707107
-3.571236 37.904633 31.636805 -0.707107 0.000000 0.707107
-3.571236 -1.095366 31.636805 -0.707107 0.000000 0.707107
-3.571236 18.404634 31.636805 -0.707107 0.000000 0.707107
-5.133333 18.404634 27.865551 -1.000000 0.000000 0.000000
-3.571236 -1.095366 31.636805 -0.707107 0.000000 0.707107
-5.133333 18.404634 27.865551 -1.000000 0.000000 0.000000
-5.133333 -1.095366 27.865551 -1.000000 0.000000 0.000000
-3.571236 18.404634 31.636805 -0.707107 0.000000 0.707107
-3.571236 37.904633 31.636805 -0.707107 0.000000 0.707107
-5.133333 18.404634 27.865551 -1.000000 0.000000 0.000000
-3.571236 37.904633 31.636805 -0.707107 0.000000 0.707107
-5.133333 37.904633 27.865551 -1.000000 0.000000 0.000000
-5.133333 18.404634 27.865551 -1.000000 0.000000 0.000000
-3.571236 37.904633 31.636805 -0.707107 0.000000 0.707107
-3.571236 57.404633 31.636805 -0.707107 0.000000 0.707107
-5.133333 57.404633 27.865551 -1.000000 0.000000 0.000000
-3.571236 37.904633 31.636805 -0.707107 0.000000 0.707107
-5.133333 57.404633 27.865551 -1.000000 0.000000 0.000000
-5.133333 37.904633 27.865551 -1.000000 0.000000 0.000000
-5.133333 -1.095366 27.865551 -1.000000 0.000000 0.000000
-5.133333 18.404634 27.865551 -1.000000 0.000000 0.000000
-3.571236 -1.095366 24.094315 -0.707107 0.000000 -0.707107
-5.133333 18.404634 27.865551 -1.000000 0.000000 0.000000
-3.571236 18.404634 24.094315 -0.707107 0.000000 -0.707107
-3.571236 -1.095366 24.094315 -0.707107 0.000000 -0.707107
-5.133333 18.404634 27.865551 -1.000000 0.000000 0.000000
-5.133333 37.904633 27.865551 -1.000000 0.000000 0.000000
-3.571236 37.904633 24.094315 -0.707107 0.000000 -0.707107
-5.133333 18.404634 27.865551 -1.000000 0.000000 0.000000
-3.571236 37.904633 24.094315 -0.707107 0.000000 -0.707107
-3.571236 18.404634 24.094315 -0.707107 0.000000 -0.707107
-5.133333 37.904633 27.865551 -1.000000 0.000000 0.000000
-5.133333 57.404633 27.865551 -1.000000 0.000000 0.000000
-3.571236 37.904633 24.094315 -0.707107 0.000000 -0.707107
-5.133333 57.404633 27.865551 -1.000000 0.000000 0.000000
-3.571236 57.404633 24.094315 -0.707107 0.000000 -0.707107
-3.571236 37.904633 24.094315 -0.707107 0.000000 -0.707107
-3.571236 -1.095366 24.094315 -0.707107 0.000000 -0.707107
-3.571236 18.404634 24.094315 -0.707107 0.000000 -0.707107
0.200000 18.404634 22.532219 0.000000 0.000000 -1.000000
-3.571236 -1.095366 24.094315 -0.707107 0.000000 -0.707107
0.200000 18.404634 22.532219 0.000000 0.000000 -1.000000
0.200000 -1.095366 22.532219 0.000000 0.000000 -1.000000
-3.571236 18.404634 24.094315 -0.707107 0.000000 -0.707107
-3.571236 37.904633 24.094315 -0.707107 0.000000 -0.707107
0.200000 18.404634 22.532219 0.000000 0.000000 -1.000000
-3.571236 37.904633 24.094315 -0.707107 0.000000 -0.707107
0.200000 37.904633 22.532219 0.000000 0.000000 -1.000000
0.200000 18.404634 22.532219 0.000000 0.000000 -1.000000
-3.571236 37.904633 24.094315 -0.707107 0.000000 -0.707107
-3.571236 57.404633 24.094315 -0.707107 0.000000 -0.707107
0.200000 57.404633 22.532219 0.000000 0.000000 -1.000000
-3.571236 37.904633 24.094315 -0.707107 0.000000 -0.707107
0.200000 57.404633 22.532219 0.000000 0.000000 -1.000000
0.200000 37.904633 22.532219 0.000000 0.000000 -1.000000
0.200000 -1.095366 22.532219 0.000000 0.000000 -1.000000
0.200000 18.404634 22.532219 0.000000 0.000000 -1.000000
3.971236 -1.095366 24.094315 0.707107 0.000000 -0.707107
0.200000 18.404634 22.532219 0.000000 0.000000 -1.000000
3.971236 18.404634 24.094315 0.707107 0.000000 -0.707107
3.971236 -1.095366 24.094315 0.707107 0.000000 -0.707107
0.200000 18.404634 22.532219 0.000000 0.000000 -1.000000
0.200000 37.904633 22.532219 0.000000 0.000000 -1.000000
3.971236 37.904633 24.094315 0.707107 0.000000 -0.707107
0.200000 18.404634 22.532219 0.000000 0.000000 -1.000000
3.971236 37.904633 24.094315 0.707107 0.000000 -0.707107
3.971236 18.404634 24.094315 0.707107 0.000000 -0.707107
0.200000 37.904633 22.532219 0.000000 0.000000 -1.000000
0.200000 57.404633 22.532219 0.000000 0.000000 -1.000000
3.971236 37.904633 24.094315 0.707107 0.000000 -0.707107
0.200000 57.404633 22.532219 0.000000 0.000000 -1.000000
3.971236 57.404633 24.094315 0.707107 0.000000 -0.707107
3.971236 37.904633 24.094315 0.707107 0.000000 -0.707107
3.971236 -1.095366 24.094315 0.707107 0.000000 -0.707107
3.971236 18.404634 24.094315 0.707107 0.000000 -0.707107
5.533334 18.404634 27.865551 1.000000 0.000000 0.000000
3.971236 -1.095366 24.094315 0.707107 0.000000 -0.707107
5.533334 18.404634 27.865551 1.000000 0.000000 0.000000
5.533334 -1.095366 27.865551 1.000000 0.000000 0.000000
3.971236 18.404634 24.094315 0.707107 0.000000 -0.707107
3.971236 37.904633 24.094315 0.707107 0.000000 -0.707107
5.533334 18.404634 27.865551 1.000000 0.000000 0.000000
3.971236 37.904633 24.094315 0.707107 0.000000 -0.707107
5.533334 37.904633 27.865551 1.000000 0.000000 0.000000
5.533334 18.404634 27.865551 1.000000 0.000000 0.000000
3.971236 37.904633 24.094315 0.707107 0.000000 -0.707107
3.971236 57.404633 24.094315 0.707107 0.000000 -0.707107
5.533334 57.404633 27.865551 1.000000 0.000000 0.000000
3.971236 37.904633 24.094315 0.707107 0.000000 -0.707107
5.533334 57.404633 27.865551 1.000000 0.000000 0.000000
5.533334 37.904633 27.865551 1.000000 0.000000 0.000000
-16.678570 -0.928699 -20.317783 0.000000 -1.000000 0.000000
-14.011904 -0.214168 -20.317783 0.573583 -0.819147 0.000000
-14.369171 -0.214168 -18.984455 0.431481 -0.867044 0.249115
-16.678570 9.737968 -20.317783 0.000000 1.000000 0.000000
-14.369171 9.023438 -18.984455 0.431481 0.867044 0.249115
-14.011904 9.023438 -20.317783 0.573583 0.819147 0.000000
-16.678570 -0.928699 -20.317783 0.000000 -1.000000 0.000000
-14.369171 -0.214168 -18.984455 0.431481 -0.867044 0.249115
-15.345238 -0.214168 -18.008381 0.286792 -0.819147 0.496737
-16.678570 9.737968 -20.317783 0.000000 1.000000 0.000000
-15.345238 9.023438 -18.008381 0.286792 0.819147 0.496738
-14.369171 9.023438 -18.984455 0.431481 0.867044 0.249115
-16.678570 -0.928699 -20.317783 0.000000 -1.000000 0.000000
-15.345238 -0.214168 -18.008381 0.286792 -0.819147 0.496737
-16.678570 -0.214168 -17.651115 0.000000 -0.867044 0.498231
-16.678570 9.737968 -20.317783 0.000000 1.000000 0.000000
-16.678570 9.023438 -17.651115 0.000000 0.867044 0.498231
-15.345238 9.023438 -18.008381 0.286792 0.819147 0.496738
-16.678570 -0.928699 -20.317783 0.000000 -1.000000 0.000000
-16.678570 -0.214168 -17.651115 0.000000 -0.867044 0.498231
-18.011904 -0.214168 -18.008381 -0.286792 -0.819147 0.496738
-16.678570 9.737968 -20.317783 0.000000 1.000000 0.000000
-18.011904 9.023438 -18.008381 -0.286792 0.819147 0.496738
-16.678570 9.023438 -17.651115 0.000000 0.867044 0.498231
-16.678570 -0.928699 -20.317783 0.000000 -1.000000 0.000000
-18.011904 -0.214168 -18.008381 -0.286792 -0.819147 0.496738
-18.987972 -0.214168 -18.984455 -0.431481 -0.867044 0.249115
-16.678570 9.737968 -20.317783 0.000000 1.000000 0.000000
-18.987972 9.023438 -18.984455 -0.431481 0.867044 0.249115
-18.011904 9.023438 -18.008381 -0.286792 0.819147 0.496738
-16.678570 -0.928699 -20.317783 0.000000 -1.000000 0.000000
-18.987972 -0.214168 -18.984455 -0.431481 -0.867044 0.249115
-19.345238 -0.214168 -20.317783 -0.573583 -0.819147 0.000000
-16.678570 9.737968 -20.317783 0.000000 1.000000 0.000000
-19.345238 9.023438 -20.317783 -0.573583 0.819147 0.000000
-18.987972 9.023438 -18.984455 -0.431481 0.867044 0.249115
-16.678570 -0.928699 -20.317783 0.000000 -1.000000 0.000000
-19.345238 -0.214168 -20.317783 -0.573583 -0.819147 0.000000
-18.987972 -0.214168 -21.651112 -0.431481 -0.867044 -0.249115
-16.678570 9.737968 -20.317783 0.000000 1.000000 0.000000
-18.987972 9.023438 -21.651112 -0.431481 0.867044 -0.249115
-19.345238 9.023438 -20.317783 -0.573583 0.819147 0.000000
-16.678570 -0.928699 -20.317783 0.000000 -1.000000 0.000000
-18.987972 -0.214168 -21.651112 -0.431481 -0.867044 -0.249115
-18.011904 -0.214168 -22.627186 -0.286791 -0.819147 -0.496738
-16.678570 9.737968 -20.317783 0.000000 1.000000 0.000000
-18.011904 9.023438 -22.627186 -0.286791 0.819147 -0.496738
-18.987972 9.023438 -21.651112 -0.431481 0.867044 -0.249115
-16.678570 -0.928699 -20.317783 0.000000 -1.000000 0.000000
-18.011904 -0.214168 -22.627186 -0.286791 -0.819147 -0.496738
-16.678570 -0.214168 -22.984447 0.000000 -0.867044 -0.498232
-16.678570 9.737968 -20.317783 0.000000 1.000000 0.000000
-16.678570 9.023438 -22.984447 0.000000 0.867044 -0.498232
-18.011904 9.023438 -22.627186 -0.286791 0.819147 -0.496738
-16.678570 -0.928699 -20.317783 0.000000 -1.000000 0.000000
-16.678570 -0.214168 -22.984447 0.000000 -0.867044 -0.498232
-15.345238 -0.214168 -22.627186 0.286792 -0.819147 -0.496738
-16.678570 9.737968 -20.317783 0.000000 1.000000 0.000000
-15.345238 9.023438 -22.627186 0.286792 0.819147 -0.496738
-16.678570 9.023438 -22.984447 0.000000 0.867044 -0.498232
-16.678570 -0.928699 -20.317783 0.000000 -1.000000 0.000000
-15.345238 -0.214168 -22.627186 0.286792 -0.819147 -0.496738
-14.369171 -0.214168 -21.651112 0.431481 -0.867044 -0.249115
-16.678570 9.737968 -20.317783 0.000000 1.000000 0.000000
-14.369171 9.023438 -21.651112 0.431481 0.867044 -0.249115
-15.345238 9.023438 -22.627186 0.286792 0.819147 -0.496738
-16.678570 -0.928699 -20.317783 0.000000 -1.000000 0.000000
-14.369171 -0.214168 -21.651112 0.431481 -0.867044 -0.249115
-14.011904 -0.214168 -20.317783 0.573583 -0.819147 0.000000
-16.678570 9.737968 -20.317783 0.000000 1.000000 0.000000
-14.011904 9.023438 -20.317783 0.573583 0.819147 0.000000
-14.369171 9.023438 -21.651112 0.431481 0.867044 -0.249115
-14.011904 -0.214168 -20.317783 0.573583 -0.819147 0.000000
-12.059769 1.737967 -20.317783 0.865033 -0.501714 0.000000
-12.678572 1.737967 -18.008381 0.749141 -0.501715 0.432517
-14.011904 -0.214168 -20.317783 0.573583 -0.819147 0.000000
-12.678572 1.737967 -18.008381 0.749141 -0.501715 0.432517
-14.369171 -0.214168 -18.984455 0.431481 -0.867044 0.249115
-14.369171 -0.214168 -18.984455 0.431481 -0.867044 0.249115
-12.678572 1.737967 -18.008381 0.749141 -0.501715 0.432517
-15.345238 -0.214168 -18.008381 0.286792 -0.819147 0.496737
-12.678572 1.737967 -18.008381 0.749141 -0.501715 0.432517
-14.369171 1.737967 -16.317783 0.432517 -0.501714 0.749141
-15.345238 -0.214168 -18.008381 0.286792 -0.819147 0.496737
-15.345238 -0.214168 -18.008381 0.286792 -0.819147 0.496737
-14.369171 1.737967 -16.317783 0.432517 -0.501714 0.749141
-16.678570 1.737967 -15.698980 0.000000 -0.501714 0.865033
-15.345238 -0.214168 -18.008381 0.286792 -0.819147 0.496737
-16.678570 1.737967 -15.698980 0.000000 -0.501714 0.865033
-16.678570 -0.214168 -17.651115 0.000000 -0.867044 0.498231
-16.678570 -0.214168 -17.651115 0.000000 -0.867044 0.498231
-16.678570 1.737967 -15.698980 0.000000 -0.501714 0.865033
-18.011904 -0.214168 -18.008381 -0.286792 -0.819147 0.496738
-16.678570 1.737967 -15.698980 0.000000 -0.501714 0.865033
-18.987972 1.737967 -16.317783 -0.432517 -0.501714 0.749141
-18.011904 -0.214168 -18.008381 -0.286792 -0.819147 0.496738
-18.011904 -0.214168 -18.008381 -0.286792 -0.819147 0.496738
-18.987972 1.737967 -16.317783 -0.432517 -0.501714 0.749141
-20.678572 1.737967 -18.008381 -0.749141 -0.501715 0.432517
-18.011904 -0.214168 -18.008381 -0.286792 -0.819147 0.496738
-20.678572 1.737967 -18.008381 -0.749141 -0.501715 0.432517
-18.987972 -0.214168 -18.984455 -0.431481 -0.867044 0.249115
-18.987972 -0.214168 -18.984455 -0.431481 -0.867044 0.249115
-20.678572 1.737967 -18.008381 -0.749141 -0.501715 0.432517
-19.345238 -0.214168 -20.317783 -0.573583 -0.819147 0.000000
-20.678572 1.737967 -18.008381 -0.749141 -0.501715 0.432517
-21.297375 1.737967 -20.317783 -0.865033 -0.501715 0.000000
-19.345238 -0.214168 -20.317783 -0.573583 -0.819147 0.000000
-19.345238 -0.214168 -20.317783 -0.573583 -0.819147 0.000000
-21.297375 1.737967 -20.317783 -0.865033 -0.501715 0.000000
-20.678572 1.737967 -22.627186 -0.749141 -0.501714 -0.432517
-19.345238 -0.214168 -20.317783 -0.573583 -0.819147 0.000000
-20.678572 1.737967 -22.627186 -0.749141 -0.501714 -0.432517
-18.987972 -0.214168 -21.651112 -0.431481 -0.867044 -0.249115
-18.987972 -0.214168 -21.651112 -0.431481 -0.867044 -0.249115
-20.678572 1.737967 -22.627186 -0.749141 -0.501714 -0.432517
-18.011904 -0.214168 -22.627186 -0.286791 -0.819147 -0.496738
-20.678572 1.737967 -22.627186 -0.749141 -0.501714 -0.432517
-18.987972 1.737967 -24.317783 -0.432516 -0.501714 -0.749142
-18.011904 -0.214168 -22.627186 -0.286791 -0.819147 -0.496738
-18.011904 -0.214168 -22.627186 -0.286791 -0.819147 -0.496738
-18.987972 1.737967 -24.317783 -0.432516 -0.501714 -0.749142
-16.678570 1.737967 -24.936581 0.000000 -0.501714 -0.865033
-18.011904 -0.214168 -22.627186 -0.286791 -0.819147 -0.496738
-16.678570 1.737967 -24.936581 0.000000 -0.501714 -0.865033
-16.678570 -0.214168 -22.984447 0.000000 -0.867044 -0.498232
-16.678570 -0.214168 -22.984447 0.000000 -0.867044 -0.498232
-16.678570 1.737967 -24.936581 0.000000 -0.501714 -0.865033
-15.345238 -0.214168 -22.627186 0.286792 -0.819147 -0.496738
-16.678570 1.737967 -24.936581 0.000000 -0.501714 -0.865033
-14.369171 1.737967 -24.317783 0.432516 -0.501714 -0.749142
-15.345238 -0.214168 -22.627186 0.286792 -0.819147 -0.496738
-15.345238 -0.214168 -22.627186 0.286792 -0.819147 -0.496738
-14.369171 1.737967 -24.317783 0.432516 -0.501714 -0.749142
-12.678572 1.737967 -22.627186 0.749141 -0.501714 -0.432517
-15.345238 -0.214168 -22.627186 0.286792 -0.819147 -0.496738
-12.678572 1.737967 -22.627186 0.749141 -0.501714 -0.432517
-14.369171 -0.214168 -21.651112 0.431481 -0.867044 -0.249115
-14.369171 -0.214168 -21.651112 0.431481 -0.867044 -0.249115
-12.678572 1.737967 -22.627186 0.749141 -0.501714 -0.432517
-14.011904 -0.214168 -20.317783 0.573583 -0.819147 0.000000
-12.678572 1.737967 -22.627186 0.749141 -0.501714 -0.432517
-12.059769 1.737967 -20.317783 0.865033 -0.501714 0.000000
-14.011904 -0.214168 -20.317783 0.573583 -0.819147 0.000000
-12.059769 1.737967 -20.317783 0.865033 -0.501714 0.000000
-11.345238 4.404634 -20.317783 1.000000 0.000000 0.000000
-12.678572 1.737967 -18.008381 0.749141 -0.501715 0.432517
-11.345238 4.404634 -20.317783 1.000000 0.000000 0.000000
-12.059769 4.404634 -17.651115 0.866026 0.000000 0.500000
-12.678572 1.737967 -18.008381 0.749141 -0.501715 0.432517
-12.678572 1.737967 -18.008381 0.749141 -0.501715 0.432517
-12.059769 4.404634 -17.651115 0.866026 0.000000 0.500000
-14.011904 4.404634 -15.698980 0.500000 0.000000 0.866025
-12.678572 1.737967 -18.008381 0.749141 -0.501715 0.432517
-14.011904 4.404634 -15.698980 0.500000 0.000000 0.866025
-14.369171 1.737967 -16.317783 0.432517 -0.501714 0.749141
-14.369171 1.737967 -16.317783 0.432517 -0.501714 0.749141
-14.011904 4.404634 -15.698980 0.500000 0.000000 0.866025
-16.678570 1.737967 -15.698980 0.000000 -0.501714 0.865033
-14.011904 4.404634 -15.698980 0.500000 0.000000 0.866025
-16.678570 4.404634 -14.984449 0.000000 0.000000 1.000000
-16.678570 1.737967 -15.698980 0.000000 -0.501714 0.865033
-16.678570 1.737967 -15.698980 0.000000 -0.501714 0.865033
-16.678570 4.404634 -14.984449 0.000000 0.000000 1.000000
-19.345238 4.404634 -15.698980 -0.500000 0.000000 0.866025
-16.678570 1.737967 -15.698980 0.000000 -0.501714 0.865033
-19.345238 4.404634 -15.698980 -0.500000 0.000000 0.866025
-18.987972 1.737967 -16.317783 -0.432517 -0.501714 0.749141
-18.987972 1.737967 -16.317783 -0.432517 -0.501714 0.749141
-19.345238 4.404634 -15.698980 -0.500000 0.000000 0.866025
-20.678572 1.737967 -18.008381 -0.749141 -0.501715 0.432517
-19.345238 4.404634 -15.698980 -0.500000 0.000000 0.866025
-21.297375 4.404634 -17.651115 -0.866025 0.000000 0.500000
-20.678572 1.737967 -18.008381 -0.749141 -0.501715 0.432517
-20.678572 1.737967 -18.008381 -0.749141 -0.501715 0.432517
-21.297375 4.404634 -17.651115 -0.866025 0.000000 0.500000
-22.011906 4.404634 -20.317783 -1.000000 0.000000 0.000000
-20.678572 1.737967 -18.008381 -0.749141 -0.501715 0.432517
-22.011906 4.404634 -20.317783 -1.000000 0.000000 0.000000
-21.297375 1.737967 -20.317783 -0.865033 -0.501715 0.000000
-21.297375 1.737967 -20.317783 -0.865033 -0.501715 0.000000
-22.011906 4.404634 -20.317783 -1.000000 0.000000 0.000000
-20.678572 1.737967 -22.627186 -0.749141 -0.501714 -0.432517
-22.011906 4.404634 -20.317783 -1.000000 0.000000 0.000000
-21.297375 4.404634 -22.984447 -0.866026 0.000000 -0.500000
-20.678572 1.737967 -22.627186 -0.749141 -0.501714 -0.432517
-20.678572 1.737967 -22.627186 -0.749141 -0.501714 -0.432517
-21.297375 4.404634 -22.984447 -0.866026 0.000000 -0.500000
-19.345238 4.404634 -24.936581 -0.500000 0.000000 -0.866026
-20.678572 1.737967 -22.627186 -0.749141 -0.501714 -0.432517
-19.345238 4.404634 -24.936581 -0.500000 0.000000 -0.866026
-18.987972 1.737967 -24.317783 -0.432516 -0.501714 -0.749142
-18.987972 1.737967 -24.317783 -0.432516 -0.501714 -0.749142
-19.345238 4.404634 -24.936581 -0.500000 0.000000 -0.866026
-16.678570 1.737967 -24.936581 0.000000 -0.501714 -0.865033
-19.345238 4.404634 -24.936581 -0.500000 0.000000 -0.866026
-16.678570 4.404634 -25.651119 0.000000 0.000000 -1.000000
-16.678570 1.737967 -24.936581 0.000000 -0.501714 -0.865033
-16.678570 1.737967 -24.936581 0.000000 -0.501714 -0.865033
-16.678570 4.404634 -25.651119 0.000000 0.000000 -1.000000
-14.011904 4.404634 -24.936581 0.500000 0.000000 -0.866025
-16.678570 1.737967 -24.936581 0.000000 -0.501714 -0.865033
-14.011904 4.404634 -24.936581 0.500000 0.000000 -0.866025
-14.369171 1.737967 -24.317783 0.432516 -0.501714 -0.749142
-14.369171 1.737967 -24.317783 0.432516 -0.501714 -0.749142
-14.011904 4.404634 -24.936581 0.500000 0.000000 -0.866025
-12.678572 1.737967 -22.627186 0.749141 -0.501714 -0.432517
-14.011904 4.404634 -24.936581 0.500000 0.000000 -0.866025
-12.059769 4.404634 -22.984447 0.866025 0.000000 -0.500000
-12.678572 1.737967 -22.627186 0.749141 -0.501714 -0.432517
-12.678572 1.737967 -22.627186 0.749141 -0.501714 -0.432517
-12.059769 4.404634 -22.984447 0.866025 0.000000 -0.500000
-11.345238 4.404634 -20.317783 1.000000 0.000000 0.000000
-12.678572 1.737967 -22.627186 0.749141 -0.501714 -0.432517
-11.345238 4.404634 -20.317783 1.000000 0.000000 0.000000
-12.059769 1.737967 -20.317783 0.865033 -0.501714 0.000000
-11.345238 4.404634 -20.317783 1.000000 0.000000 0.000000
-12.059769 7.071301 -20.317783 0.865033 0.501714 0.000000
-12.678572 7.071301 -18.008381 0.749141 0.501715 0.432517
-11.345238 4.404634 -20.317783 1.000000 0.000000 0.000000
-12.678572 7.071301 -18.008381 0.749141 0.501715 0.432517
-12.059769 4.404634 -17.651115 0.866026 0.000000 0.500000
-12.059769 4.404634 -17.651115 0.866026 0.000000 0.500000
-12.678572 7.071301 -18.008381 0.749141 0.501715 0.432517
-14.011904 4.404634 -15.698980 0.500000 0.000000 0.866025
-12.678572 7.071301 -18.008381 0.749141 0.501715 0.432517
-14.369171 7.071301 -16.317783 0.432517 0.501714 0.749141
-14.011904 4.404634 -15.698980 0.500000 0.000000 0.866025
-14.011904 4.404634 -15.698980 0.500000 0.000000 0.866025
-14.369171 7.071301 -16.317783 0.432517 0.501714 0.749141
-16.678570 7.071301 -15.698980 0.000000 0.501714 0.865033
-14.011904 4.404634 -15.698980 0.500000 0.000000 0.866025
-16.678570 7.071301 -15.698980 0.000000 0.501714 0.865033
-16.678570 4.404634 -14.984449 0.000000 0.000000 1.000000
-16.678570 4.404634 -14.984449 0.000000 0.000000 1.000000
-16.678570 7.071301 -15.698980 0.000000 0.501714 0.865033
-19.345238 4.404634 -15.698980 -0.500000 0.000000 0.866025
-16.678570 7.071301 -15.698980 0.000000 0.501714 0.865033
-18.987972 7.071301 -16.317783 -0.432517 0.501714 0.749141
-19.345238 4.404634 -15.698980 -0.500000 0.000000 0.866025
-19.345238 4.404634 -15.698980 -0.500000 0.000000 0.866025
-18.987972 7.071301 -16.317783 -0.432517 0.501714 0.749141
-20.678572 7.071301 -18.008381 -0.749141 0.501715 0.432517
-19.345238 4.404634 -15.698980 -0.500000 0.000000 0.866025
-20.678572 7.071301 -18.008381 -0.749141 0.501715 0.432517
-21.297375 4.404634 -17.651115 -0.866025 0.000000 0.500000
-21.297375 4.404634 -17.651115 -0.866025 0.000000 0.500000
-20.678572 7.071301 -18.008381 -0.749141 0.501715 0.432517
-22.011906 4.404634 -20.317783 -1.000000 0.000000 0.000000
-20.678572 7.071301 -18.008381 -0.749141 0.501715 0.432517
-21.297375 7.071301 -20.317783 -0.865033 0.501714 0.000000
-22.011906 4.404634 -20.317783 -1.000000 0.000000 0.000000
-22.011906 4.404634 -20.317783 -1.000000 0.000000 0.000000
-21.297375 7.071301 -20.317783 -0.865033 0.501714 0.000000
-20.678572 7.071301 -22.627186 -0.749141 0.501714 -0.432517
-22.011906 4.404634 -20.317783 -1.000000 0.000000 0.000000
-20.678572 7.071301 -22.627186 -0.749141 0.501714 -0.432517
-21.297375 4.404634 -22.984447 -0.866026 0.000000 -0.500000
-21.297375 4.404634 -22.984447 -0.866026 0.000000 -0.500000
-20.678572 7.071301 -22.627186 -0.749141 0.501714 -0.432517
-19.345238 4.404634 -24.936581 -0.500000 0.000000 -0.866026
-20.678572 7.071301 -22.627186 -0.749141 0.501714 -0.432517
-18.987972 7.071301 -24.317783 -0.432516 0.501714 -0.749142
-19.345238 4.404634 -24.936581 -0.500000 0.000000 -0.866026
-19.345238 4.404634 -24.936581 -0.500000 0.000000 -0.866026
-18.987972 7.071301 -24.317783 -0.432516 0.501714 -0.749142
-16.678570 7.071301 -24.936581 0.000000 0.501714 -0.865033
-19.345238 4.404634 -24.936581 -0.500000 0.000000 -0.866026
-16.678570 7.071301 -24.936581 0.000000 0.501714 -0.865033
-16.678570 4.404634 -25.651119 0.000000 0.000000 -1.000000
-16.678570 4.404634 -25.651119 0.000000 0.000000 -1.000000
-16.678570 7.071301 -24.936581 0.000000 0.501714 -0.865033
-14.011904 4.404634 -24.936581 0.500000 0.000000 -0.866025
-16.678570 7.071301 -24.936581 0.000000 0.501714 -0.865033
-14.369171 7.071301 -24.317783 0.432516 0.501714 -0.749142
-14.011904 4.404634 -24.936581 0.500000 0.000000 -0.866025
-14.011904 4.404634 -24.936581 0.500000 0.000000 -0.866025
-14.369171 7.071301 -24.317783 0.432516 0.501714 -0.749142
-12.678572 7.071301 -22.627186 0.749141 0.501714 -0.432517
-14.011904 4.404634 -24.936581 0.500000 0.000000 -0.866025
-12.678572 7.071301 -22.627186 0.749141 0.501714 -0.432517
-12.059769 4.404634 -22.984447 0.866025 0.000000 -0.500000
-12.059769 4.404634 -22.984447 0.866025 0.000000 -0.500000
-12.678572 7.071301 -22.627186 0.749141 0.501714 -0.432517
-11.345238 4.404634 -20.317783 1.000000 0.000000 0.000000
-12.678572 7.071301 -22.627186 0.749141 0.501714 -0.432517
-12.059769 7.071301 -20.317783 0.865033 0.501714 0.000000
-11.345238 4.404634 -20.317783 1.000000 0.000000 0.000000
-12.059769 7.071301 -20.317783 0.865033 0.501714 0.000000
-14.011904 9.023438 -20.317783 0.573583 0.819147 0.000000
-12.678572 7.071301 -18.008381 0.749141 0.501715 0.432517
-14.011904 9.023438 -20.317783 0.573583 0.819147 0.000000
-14.369171 9.023438 -18.984455 0.431481 0.867044 0.249115
-12.678572 7.071301 -18.008381 0.749141 0.501715 0.432517
-12.678572 7.071301 -18.008381 0.749141 0.501715 0.432517
-14.369171 9.023438 -18.984455 0.431481 0.867044 0.249115
-15.345238 9.023438 -18.008381 0.286792 0.819147 0.496738
-12.678572 7.071301 -18.008381 0.749141 0.501715 0.432517
-15.345238 9.023438 -18.008381 0.286792 0.819147 0.496738
-14.369171 7.071301 -16.317783 0.432517 0.501714 0.749141
-14.369171 7.071301 -16.317783 0.432517 0.501714 0.749141
-15.345238 9.023438 -18.008381 0.286792 0.819147 0.496738
-16.678570 7.071301 -15.698980 0.000000 0.501714 0.865033
-15.345238 9.023438 -18.008381 0.286792 0.819147 0.496738
-16.678570 9.023438 -17.651115 0.000000 0.867044 0.498231
-16.678570 7.071301 -15.698980 0.000000 0.501714 0.865033
-16.678570 7.071301 -15.698980 0.000000 0.501714 0.865033
-16.678570 9.023438 -17.651115 0.000000 0.867044 0.498231
-18.011904 9.023438 -18.008381 -0.286792 0.819147 0.496738
-16.678570 7.071301 -15.698980 0.000000 0.501714 0.865033
-18.011904 9.023438 -18.008381 -0.286792 0.819147 0.496738
-18.987972 7.071301 -16.317783 -0.432517 0.501714 0.749141
-18.987972 7.071301 -16.317783 -0.432517 0.501714 0.749141
-18.011904 9.023438 -18.008381 -0.286792 0.819147 0.496738
-20.678572 7.071301 -18.008381 -0.749141 0.501715 0.432517
-18.011904 9.023438 -18.008381 -0.286792 0.819147 0.496738
-18.987972 9.023438 -18.984455 -0.431481 0.867044 0.249115
-20.678572 7.071301 -18.008381 -0.749141 0.501715 0.432517
-20.678572 7.071301 -18.008381 -0.749141 0.501715 0.432517
-18.987972 9.023438 -18.984455 -0.431481 0.867044 0.249115
-19.345238 9.023438 -20.317783 -0.573583 0.819147 0.000000
-20.678572 7.071301 -18.008381 -0.749141 0.501715 0.432517
-19.345238 9.023438 -20.317783 -0.573583 0.819147 0.000000
-21.297375 7.071301 -20.317783 -0.865033 0.501714 0.000000
-21.297375 7.071301 -20.317783 -0.865033 0.501714 0.000000
-19.345238 9.023438 -20.317783 -0.573583 0.819147 0.000000
-20.678572 7.071301 -22.627186 -0.749141 0.501714 -0.432517
-19.345238 9.023438 -20.317783 -0.573583 0.819147 0.000000
-18.987972 9.023438 -21.651112 -0.431481 0.867044 -0.249115
-20.678572 7.071301 -22.627186 -0.749141 0.501714 -0.432517
-20.678572 7.071301 -22.627186 -0.749141 0.501714 -0.432517
-18.987972 9.023438 -21.651112 -0.431481 0.867044 -0.249115
-18.011904 9.023438 -22.627186 -0.286791 0.819147 -0.496738
-20.678572 7.071301 -22.627186 -0.749141 0.501714 -0.432517
-18.011904 9.023438 -22.627186 -0.286791 0.819147 -0.496738
-18.987972 7.071301 -24.317783 -0.432516 0.501714 -0.749142
-18.987972 7.071301 -24.317783 -0.432516 0.501714 -0.749142
-18.011904 9.023438 -22.627186 -0.286791 0.819147 -0.496738
-16.678570 7.071301 -24.936581 0.000000 0.501714 -0.865033
-18.011904 9.023438 -22.627186 -0.286791 0.819147 -0.496738
-16.678570 9.023438 -22.984447 0.000000 0.867044 -0.498232
-16.678570 7.071301 -24.936581 0.000000 0.501714 -0.865033
-16.678570 7.071301 -24.936581 0.000000 0.501714 -0.865033
-16.678570 9.023438 -22.984447 0.000000 0.867044 -0.498232
-15.345238 9.023438 -22.627186 0.286792 0.819147 -0.496738
-16.678570 7.071301 -24.936581 0.000000 0.501714 -0.865033
-15.345238 9.023438 -22.627186 0.286792 0.819147 -0.496738
-14.369171 7.071301 -24.317783 0.432516 0.501714 -0.749142
-14.369171 7.071301 -24.317783 0.432516 0.501714 -0.749142
-15.345238 9.023438 -22.627186 0.286792 0.819147 -0.496738
-12.678572 7.071301 -22.627186 0.749141 0.501714 -0.432517
-15.345238 9.023438 -22.627186 0.286792 0.819147 -0.496738
-14.369171 9.023438 -21.651112 0.431481 0.867044 -0.249115
-12.678572 7.071301 -22.627186 0.749141 0.501714 -0.432517
-12.678572 7.071301 -22.627186 0.749141 0.501714 -0.432517
-14.369171 9.023438 -21.651112 0.431481 0.867044 -0.249115
-14.011904 9.023438 -20.317783 0.573583 0.819147 0.000000
-12.678572 7.071301 -22.627186 0.749141 0.501714 -0.432517
-14.011904 9.023438 -20.317783 0.573583 0.819147 0.000000
-12.059769 7.071301 -20.317783 0.865033 0.501714 0.000000
-31.201660 12.659092 25.854538 0.629320 0.000000 0.777146
-31.201660 10.659092 25.854538 0.629320 0.000000 0.777146
-19.933044 12.659092 16.729399 0.629320 0.000000 0.777146
-31.201660 10.659092 25.854538 0.629320 0.000000 0.777146
-19.933044 10.659092 16.729399 0.629320 0.000000 0.777146
-19.933044 12.659092 16.729399 0.629320 0.000000 0.777146
-19.933044 12.659092 16.729399 0.777146 0.000000 -0.629320
-19.933044 10.659092 16.729399 0.777146 0.000000 -0.629320
-29.058182 12.659092 5.460783 0.777146 0.000000 -0.629320
-19.933044 10.659092 16.729399 0.777146 0.000000 -0.629320
-29.058182 10.659092 5.460783 0.777146 0.000000 -0.629320
-29.058182 12.659092 5.460783 0.777146 0.000000 -0.629320
-29.058182 12.659092 5.460783 -0.629320 0.000000 -0.777146
-29.058182 10.659092 5.460783 -0.629320 0.000000 -0.777146
-40.326813 12.659092 14.585926 -0.629320 0.000000 -0.777146
-29.058182 10.659092 5.460783 -0.629320 0.000000 -0.777146
-40.326813 10.659092 14.585926 -0.629320 0.000000 -0.777146
-40.326813 12.659092 14.585926 -0.629320 0.000000 -0.777146
-40.326813 12.659092 14.585926 -0.777146 0.000000 0.629321
-40.326813 10.659092 14.585926 -0.777146 0.000000 0.629321
-31.201660 12.659092 25.854538 -0.777146 0.000000 0.629321
-40.326813 10.659092 14.585926 -0.777146 0.000000 0.629321
-31.201660 10.659092 25.854538 -0.777146 0.000000 0.629321
-31.201660 12.659092 25.854538 -0.777146 0.000000 0.629321
-40.326813 12.659092 14.585926 0.000000 1.000000 0.000000
-31.201660 12.659092 25.854538 0.000000 1.000000 0.000000
-29.058182 12.659092 5.460783 0.000000 1.000000 0.000000
-31.201660 12.659092 25.854538 0.000000 1.000000 0.000000
-19.933044 12.659092 16.729399 0.000000 1.000000 0.000000
-29.058182 12.659092 5.460783 0.000000 1.000000 0.000000
-31.201660 10.659092 25.854538 0.000000 -1.000000 0.000000
-40.326813 10.659092 14.585926 0.000000 -1.000000 0.000000
-19.933044 10.659092 16.729399 0.000000 -1.000000 0.000000
-40.326813 10.659092 14.585926 0.000000 -1.000000 0.000000
-29.058182 10.659092 5.460783 0.000000 -1.000000 0.000000
-19.933044 10.659092 16.729399 0.000000 -1.000000 0.000000
-37.584145 12.448053 15.792643 0.629320 0.000000 0.777146
-37.566490 -1.142858 15.778345 0.629320 0.000000 0.777146
-36.973541 12.448053 15.298182 0.629320 0.000000 0.777146
-37.566490 -1.142858 15.778345 0.629320 0.000000 0.777146
-36.955872 -1.142858 15.283884 0.629320 0.000000 0.777146
-36.973541 12.448053 15.298182 0.629320 0.000000 0.777146
-36.973541 12.448053 15.298182 0.777152 0.001672 -0.629310
-36.955872 -1.142858 15.283884 0.777152 0.001672 -0.629310
-37.602844 12.448052 14.521038 0.777152 0.001672 -0.629310
-36.955872 -1.142858 15.283884 0.777152 0.001672 -0.629310
-37.585197 -1.142858 14.506733 0.777152 0.001672 -0.629310
-37.602844 12.448052 14.521038 0.777152 0.001672 -0.629310
-37.602844 12.448052 14.521038 -0.629320 0.000000 -0.777146
-37.585197 -1.142858 14.506733 -0.629320 0.000000 -0.777146
-38.213470 12.448052 15.015497 -0.629320 0.000000 -0.777146
-37.585197 -1.142858 14.506733 -0.629320 0.000000 -0.777146
-38.195808 -1.142858 15.001196 -0.629320 0.000000 -0.777146
-38.213470 12.448052 15.015497 -0.629320 0.000000 -0.777146
-38.213470 12.448052 15.015497 -0.777142 -0.001672 0.629323
-38.195808 -1.142858 15.001196 -0.777142 -0.001672 0.629323
-37.584145 12.448053 15.792643 -0.777142 -0.001672 0.629323
-38.195808 -1.142858 15.001196 -0.777142 -0.001672 0.629323
-37.566490 -1.142858 15.778345 -0.777142 -0.001672 0.629323
-37.584145 12.448053 15.792643 -0.777142 -0.001672 0.629323
-38.213470 12.448052 15.015497 0.000000 1.000000 0.000000
-37.584145 12.448053 15.792643 0.000000 1.000000 0.000000
-37.602844 12.448052 14.521038 0.000000 1.000000 0.000000
-37.584145 12.448053 15.792643 0.000000 1.000000 0.000000
-36.973541 12.448053 15.298182 0.000000 1.000000 0.000000
-37.602844 12.448052 14.521038 0.000000 1.000000 0.000000
-37.566490 -1.142858 15.778345 0.000000 -1.000000 0.000000
-38.195808 -1.142858 15.001196 0.000000 -1.000000 0.000000
-36.955872 -1.142858 15.283884 0.000000 -1.000000 0.000000
-38.195808 -1.142858 15.001196 0.000000 -1.000000 0.000000
-37.585197 -1.142858 14.506733 0.000000 -1.000000 0.000000
-36.955872 -1.142858 15.283884 0.000000 -1.000000 0.000000
-28.819527 12.448053 8.945814 0.629320 0.000000 0.777146
-28.801865 -1.142858 8.931513 0.629320 0.000000 0.777146
-28.208916 12.448053 8.451353 0.629320 0.000000 0.777146
-28.801865 -1.142858 8.931513 0.629320 0.000000 0.777146
-28.191254 -1.142858 8.437044 0.629320 0.000000 0.777146
-28.208916 12.448053 8.451353 0.629320 0.000000 0.777146
-28.208916 12.448053 8.451353 0.777152 0.001672 -0.629310
-28.191254 -1.142858 8.437044 0.777152 0.001672 -0.629310
-28.838242 12.448052 7.674208 0.777152 0.001672 -0.629310
-28.191254 -1.142858 8.437044 0.777152 0.001672 -0.629310
-28.820580 -1.142858 7.659906 0.777152 0.001672 -0.629310
-28.838242 12.448052 7.674208 0.777152 0.001672 -0.629310
-28.838242 12.448052 7.674208 -0.629320 0.000000 -0.777146
-28.820580 -1.142858 7.659906 -0.629320 0.000000 -0.777146
-29.448845 12.448052 8.168671 -0.629320 0.000000 -0.777146
-28.820580 -1.142858 7.659906 -0.629320 0.000000 -0.777146
-29.431183 -1.142858 8.154371 -0.629320 0.000000 -0.777146
-29.448845 12.448052 8.168671 -0.629320 0.000000 -0.777146
-29.448845 12.448052 8.168671 -0.777142 -0.001672 0.629323
-29.431183 -1.142858 8.154371 -0.777142 -0.001672 0.629323
-28.819527 12.448053 8.945814 -0.777142 -0.001672 0.629323
-29.431183 -1.142858 8.154371 -0.777142 -0.001672 0.629323
-28.801865 -1.142858 8.931513 -0.777142 -0.001672 0.629323
-28.819527 12.448053 8.945814 -0.777142 -0.001672 0.629323
-29.448845 12.448052 8.168671 0.000000 1.000000 0.000000
-28.819527 12.448053 8.945814 0.000000 1.000000 0.000000
-28.838242 12.448052 7.674208 0.000000 1.000000 0.000000
-28.819527 12.448053 8.945814 0.000000 1.000000 0.000000
-28.208916 12.448053 8.451353 0.000000 1.000000 0.000000
-28.838242 12.448052 7.674208 0.000000 1.000000 0.000000
-28.801865 -1.142858 8.931513 0.000000 -1.000000 0.000000
-29.431183 -1.142858 8.154371 0.000000 -1.000000 0.000000
-28.191254 -1.142858 8.437044 0.000000 -1.000000 0.000000
-29.431183 -1.142858 8.154371 0.000000 -1.000000 0.000000
-28.820580 -1.142858 7.659906 0.000000 -1.000000 0.000000
-28.191254 -1.142858 8.437044 0.000000 -1.000000 0.000000
-21.888382 12.448053 17.006430 0.629320 0.000000 0.777146
-21.870712 -1.142858 16.992128 0.629320 0.000000 0.777146
-21.277756 12.448053 16.511965 0.629320 0.000000 0.777146
-21.870712 -1.142858 16.992128 0.629320 0.000000 0.777146
-21.260105 -1.142858 16.497667 0.629320 0.000000 0.777146
-21.277756 12.448053 16.511965 0.629320 0.000000 0.777146
-21.277756 12.448053 16.511965 0.777152 0.001672 -0.629310
-21.260105 -1.142858 16.497667 0.777152 0.001672 -0.629310
-21.907089 12.448052 15.734819 0.777152 0.001672 -0.629310
-21.260105 -1.142858 16.497667 0.777152 0.001672 -0.629310
-21.889420 -1.142858 15.720514 0.777152 0.001672 -0.629310
-21.907089 12.448052 15.734819 0.777152 0.001672 -0.629310
-21.907089 12.448052 15.734819 -0.629320 0.000000 -0.777146
-21.889420 -1.142858 15.720514 -0.629320 0.000000 -0.777146
-22.517693 12.448052 16.229284 -0.629320 0.000000 -0.777146
-21.889420 -1.142858 15.720514 -0.629320 0.000000 -0.777146
-22.500046 -1.142858 16.214975 -0.629320 0.000000 -0.777146
-22.517693 12.448052 16.229284 -0.629320 0.000000 -0.777146
-22.517693 12.448052 16.229284 -0.777142 -0.001672 0.629323
-22.500046 -1.142858 16.214975 -0.777142 -0.001672 0.629323
-21.888382 12.448053 17.006430 -0.777142 -0.001672 0.629323
-22.500046 -1.142858 16.214975 -0.777142 -0.001672 0.629323
-21.870712 -1.142858 16.992128 -0.777142 -0.001672 0.629323
-21.888382 12.448053 17.006430 -0.777142 -0.001672 0.629323
-22.517693 12.448052 16.229284 0.000000 1.000000 0.000000
-21.888382 12.448053 17.006430 0.000000 1.000000 0.000000
-21.907089 12.448052 15.734819 0.000000 1.000000 0.000000
-21.888382 12.448053 17.006430 0.000000 1.000000 0.000000
-21.277756 12.448053 16.511965 0.000000 1.000000 0.000000
-21.907089 12.448052 15.734819 0.000000 1.000000 0.000000
-21.870712 -1.142858 16.992128 0.000000 -1.000000 0.000000
-22.500046 -1.142858 16.214975 0.000000 -1.000000 0.000000
-21.260105 -1.142858 16.497667 0.000000 -1.000000 0.000000
-22.500046 -1.142858 16.214975 0.000000 -1.000000 0.000000
-21.889420 -1.142858 15.720514 0.000000 -1.000000 0.000000
-21.260105 -1.142858 16.497667 0.000000 -1.000000 0.000000
-30.989342 12.448053 24.389429 0.629320 0.000000 0.777146
-30.971672 -1.142858 24.375116 0.629320 0.000000 0.777146
-30.378731 12.448053 23.894960 0.629320 0.000000 0.777146
-30.971672 -1.142858 24.375116 0.629320 0.000000 0.777146
-30.361069 -1.142858 23.880663 0.629320 0.000000 0.777146
-30.378731 12.448053 23.894960 0.629320 0.000000 0.777146
-30.378731 12.448053 23.894960 0.777152 0.001672 -0.629310
-30.361069 -1.142858 23.880663 0.777152 0.001672 -0.629310
-31.008041 12.448052 23.117815 0.777152 0.001672 -0.629310
-30.361069 -1.142858 23.880663 0.777152 0.001672 -0.629310
-30.990395 -1.142858 23.103510 0.777152 0.001672 -0.629310
-31.008041 12.448052 23.117815 0.777152 0.001672 -0.629310
-31.008041 12.448052 23.117815 -0.629320 0.000000 -0.777146
-30.990395 -1.142858 23.103510 -0.629320 0.000000 -0.777146
-31.618660 12.448052 23.612284 -0.629320 0.000000 -0.777146
-30.990395 -1.142858 23.103510 -0.629320 0.000000 -0.777146
-31.600998 -1.142858 23.597979 -0.629320 0.000000 -0.777146
-31.618660 12.448052 23.612284 -0.629320 0.000000 -0.777146
-31.618660 12.448052 23.612284 -0.777142 -0.001672 0.629323
-31.600998 -1.142858 23.597979 -0.777142 -0.001672 0.629323
-30.989342 12.448053 24.389429 -0.777142 -0.001672 0.629323
-31.600998 -1.142858 23.597979 -0.777142 -0.001672 0.629323
-30.971672 -1.142858 24.375116 -0.777142 -0.001672 0.629323
-30.989342 12.448053 24.389429 -0.777142 -0.001672 0.629323
-31.618660 12.448052 23.612284 0.000000 1.000000 0.000000
-30.989342 12.448053 24.389429 0.000000 1.000000 0.000000
-31.008041 12.448052 23.117815 0.000000 1.000000 0.000000
-30.989342 12.448053 24.389429 0.000000 1.000000 0.000000
-30.378731 12.448053 23.894960 0.000000 1.000000 0.000000
-31.008041 12.448052 23.117815 0.000000 1.000000 0.000000
-30.971672 -1.142858 24.375116 0.000000 -1.000000 0.000000
-31.600998 -1.142858 23.597979 0.000000 -1.000000 0.000000
-30.361069 -1.142858 23.880663 0.000000 -1.000000 0.000000
-31.600998 -1.142858 23.597979 0.000000 -1.000000 0.000000
-30.990395 -1.142858 23.103510 0.000000 -1.000000 0.000000
-30.361069 -1.142858 23.880663 0.000000 -1.000000 0.000000
-30.734634 30.016228 24.189592 0.629320 0.000000 0.777146
-31.844856 30.016235 25.088644 0.629320 0.000000 0.777146
-30.734634 12.516230 24.189592 0.629320 0.000000 0.777146
-31.844856 30.016235 25.088644 0.629320 0.000000 0.777146
-31.844872 12.516237 25.088659 0.629320 0.000000 0.777146
-30.734634 12.516230 24.189592 0.629320 0.000000 0.777146
-30.734634 12.516230 24.189592 0.000000 -1.000000 0.000000
-31.844872 12.516237 25.088659 0.000000 -1.000000 0.000000
-38.601151 12.516230 14.475277 0.000000 -1.000000 0.000000
-31.844872 12.516237 25.088659 0.000000 -1.000000 0.000000
-39.711380 12.516237 15.374327 0.000000 -1.000000 0.000000
-38.601151 12.516230 14.475277 0.000000 -1.000000 0.000000
-38.601151 12.516230 14.475277 -0.629320 0.000000 -0.777146
-39.711380 12.516237 15.374327 -0.629320 0.000000 -0.777146
-38.601151 30.016228 14.475277 -0.629320 0.000000 -0.777146
-39.711380 12.516237 15.374327 -0.629320 0.000000 -0.777146
-39.711365 30.016235 15.374319 -0.629320 0.000000 -0.777146
-38.601151 30.016228 14.475277 -0.629320 0.000000 -0.777146
-38.601151 30.016228 14.475277 0.000000 1.000000 0.000000
-39.711365 30.016235 15.374319 0.000000 1.000000 0.000000
-30.734634 30.016228 24.189592 0.000000 1.000000 0.000000
-39.711365 30.016235 15.374319 0.000000 1.000000 0.000000
-31.844856 30.016235 25.088644 0.000000 1.000000 0.000000
-30.734634 30.016228 24.189592 0.000000 1.000000 0.000000
-38.601151 30.016228 14.475277 0.777146 0.000000 -0.629320
-30.734634 30.016228 24.189592 0.777146 0.000000 -0.629320
-38.601151 12.516230 14.475277 0.777146 0.000000 -0.629320
-30.734634 30.016228 24.189592 0.777146 0.000000 -0.629320
-30.734634 12.516230 24.189592 0.777146 0.000000 -0.629320
-38.601151 12.516230 14.475277 0.777146 0.000000 -0.629320
-31.844856 30.016235 25.088644 -0.777146 0.000000 0.629321
-39.711365 30.016235 15.374319 -0.777146 0.000000 0.629321
-31.844872 12.516237 25.088659 -0.777146 0.000000 0.629321
-39.711365 30.016235 15.374319 -0.777146 0.000000 0.629321
-39.711380 12.516237 15.374327 -0.777146 0.000000 0.629321
-31.844872 12.516237 25.088659 -0.777146 0.000000 0.629321
