303

0.000000 -1.842780 28.165379 -0.000429 -0.891258 -0.453497 0.190860 -0.544059
-1.490790 6.023190 20.764948 -0.958503 -0.259786 -0.117403 0.272086 -0.355992
0.000000 -0.943620 38.508297 0.000026 0.999533 0.030548 0.077337 -0.522561
1.490790 -0.690570 28.515898 0.920494 -0.339250 -0.193910 0.187013 -0.516511
0.969180 1.370010 29.142717 0.743464 0.589084 0.316611 0.180133 -0.467245
0.000000 1.598400 29.212229 0.000117 0.878986 0.476848 0.179370 -0.461784
-0.969180 8.083770 21.391769 -0.676607 0.583064 0.449710 0.265206 -0.306726
-0.697230 0.274950 45.152996 -0.552866 0.666582 0.500007 0.004406 -0.493426
0.000000 8.312160 21.461279 -0.001259 0.806852 0.590753 0.264443 -0.301265
0.000000 0.444330 45.124496 -0.000200 0.862480 0.506091 0.004719 -0.489377
1.490790 -3.335880 38.469296 0.917720 -0.395720 0.034569 0.077765 -0.579757
0.969180 -1.182330 38.504398 0.753295 0.656866 0.032784 0.077380 -0.528268
0.697260 0.274950 45.152996 0.553002 0.666347 0.500170 0.004406 -0.493426
1.072530 -1.253010 45.410397 0.737673 -0.113861 0.665488 0.001581 -0.529958
0.969180 8.083770 21.391769 0.672088 0.581303 0.458678 0.265206 -0.306726
1.490790 6.023190 20.764948 0.956092 -0.266514 -0.121894 0.272086 -0.355992
0.000000 4.870980 20.414429 0.003242 -0.832320 -0.554286 0.275933 -0.383540
-0.969180 1.370010 29.142717 -0.743438 0.589395 0.316090 0.180133 -0.467245
-1.490790 -0.690570 28.515898 -0.920267 -0.339939 -0.193777 0.187013 -0.516511
0.000000 -4.540050 38.449795 0.000193 -0.999493 0.031849 0.077979 -0.608548
0.000000 -2.107380 45.554394 0.001569 -0.640415 0.768027 0.000000 -0.550385
-1.490790 -3.335880 38.469296 -0.917773 -0.395772 0.032526 0.077765 -0.579757
-1.072500 -1.253010 45.410397 -0.737317 -0.112117 0.666179 0.001581 -0.529958
-0.969180 -1.182330 38.504398 -0.753104 0.657046 0.033535 0.077380 -0.528268
0.000000 -4.184969 -24.124468 0.000000 -0.892994 -0.450069 0.764787 -0.600058
0.000000 -5.880690 -19.317417 0.000000 -0.972209 -0.234115 0.712026 -0.640601
0.000000 6.233819 -34.880997 -0.000001 -0.890000 -0.455961 0.882850 -0.350956
0.000000 10.271250 -45.307796 0.000004 0.359758 -0.933046 0.997293 -0.254425
0.000000 -6.975659 -6.490470 0.000000 -0.996883 0.078891 0.571239 -0.666781
3.273540 -3.570540 3.021270 0.495483 -0.826862 -0.266075 0.466839 -0.585368
-3.273540 -3.570540 3.021270 -0.495483 -0.826862 -0.266075 0.466839 -0.585368
0.000000 -4.646190 3.109680 0.000000 -0.977498 0.210945 0.465868 -0.611086
0.903030 -3.155220 9.482339 0.915231 -0.396463 -0.071892 0.395923 -0.575438
0.000000 -3.369420 9.525269 0.000000 -0.869868 0.493285 0.395452 -0.580559
0.000000 3.369090 15.182339 0.000000 -0.488300 0.872676 0.333360 -0.419449
-0.903030 -3.155220 9.482339 -0.915231 -0.396463 -0.071892 0.395923 -0.575438
-0.862830 -1.134450 13.194029 0.768876 -0.142811 0.623245 0.355184 -0.527123
0.862830 -1.134450 13.194029 -0.768876 -0.142811 0.623245 0.355184 -0.527123
2.452170 -6.094290 13.191179 -0.645782 -0.094157 0.757694 0.355215 -0.645708
1.978080 -7.140359 10.071329 -0.967159 -0.245702 -0.065063 0.389458 -0.670719
0.604260 -3.247260 9.110039 -0.815291 0.436963 -0.379953 0.400009 -0.577639
3.439980 -5.017709 4.476870 -0.443804 -0.557934 -0.701247 0.450862 -0.619968
3.482580 -8.308019 6.534090 -0.500242 -0.516756 -0.694782 0.428283 -0.698636
2.701020 -11.464769 13.689089 -0.622800 -0.189381 0.759115 0.349750 -0.774111
-3.439980 -5.017709 4.476870 0.443804 -0.557934 -0.701247 0.450862 -0.619968
-3.482580 -8.308019 6.534090 0.500241 -0.516758 -0.694781 0.428283 -0.698636
-0.604260 -3.247260 9.110039 0.815291 0.436963 -0.379953 0.400009 -0.577639
-2.701020 -11.464769 13.689089 0.622801 -0.189377 0.759115 0.349750 -0.774111
-2.452170 -6.094290 13.191179 0.645782 -0.094157 0.757694 0.355215 -0.645708
-2.305950 -11.321429 11.343239 0.991588 -0.064650 -0.112128 0.375498 -0.770684
-1.978080 -7.140359 10.071329 0.967159 -0.245702 -0.065063 0.389458 -0.670719
2.305950 -11.321429 11.343239 -0.991588 -0.064650 -0.112128 0.375498 -0.770684
-2.339970 -13.152539 10.903919 0.978168 -0.004122 -0.207775 0.380320 -0.814463
-2.841750 -20.639519 10.398569 0.459661 -0.718682 0.521736 0.385866 -0.993469
-3.593700 -12.740580 9.121439 0.500279 -0.051054 -0.864358 0.399884 -0.804614
-4.824600 -18.079767 8.592959 -0.419294 0.806911 -0.416037 0.405685 -0.932268
-5.729760 -18.441658 10.270139 -0.917330 0.059932 0.393592 0.387276 -0.940921
-5.044230 -20.631208 7.718159 0.002828 -0.999994 -0.002192 0.415286 -0.993271
-4.553129 -20.639399 10.474409 -0.225961 -0.770397 0.596180 0.385034 -0.993466
-6.112350 -20.637508 9.395308 -0.704472 -0.629646 0.327514 0.396878 -0.993421
-3.855000 -20.623348 7.123710 0.001790 -0.999992 -0.003427 0.421811 -0.993083
-2.375580 -20.637959 9.328979 0.722577 -0.675795 0.145546 0.397606 -0.993432
-4.958010 -18.068727 6.136890 -0.304723 0.911346 -0.276754 0.432642 -0.932004
-2.289360 -18.512968 7.096770 0.772064 0.628680 -0.093164 0.422107 -0.942626
-3.768780 -18.100979 6.114360 0.232826 0.930041 -0.284281 0.432889 -0.932775
-3.816750 -18.112049 8.565269 0.393678 0.786828 -0.475310 0.405989 -0.933040
-2.563020 -18.528509 10.203809 0.993572 0.100527 0.052053 0.388004 -0.942997
-2.068170 -20.622417 6.385560 0.786344 -0.611498 -0.087943 0.429913 -0.993060
-3.559710 -11.128979 8.693009 0.536772 -0.371518 -0.757529 0.404586 -0.766082
-4.601550 -12.708328 9.162299 -0.570273 -0.050406 -0.819907 0.399436 -0.803843
-6.477570 -20.621969 6.439470 -0.812122 -0.580001 -0.063694 0.429321 -0.993050
-6.026100 -18.434158 7.723649 -0.769433 0.638590 -0.013257 0.415226 -0.940741
-6.129960 -20.627609 4.490970 -0.764717 -0.473503 -0.437038 0.450708 -0.993185
-5.756880 -19.386238 5.202209 -0.761412 0.534869 -0.366288 0.442901 -0.963505
-4.874159 -19.184189 4.188419 -0.317921 0.660851 -0.679854 0.454028 -0.958674
-5.217209 -20.620138 5.425680 0.001197 -0.999999 0.000193 0.440448 -0.993006
-5.088360 -20.626587 3.477150 -0.335910 -0.449403 -0.827769 0.461835 -0.993160
-3.891300 -19.202427 4.165889 0.294321 0.633765 -0.715344 0.454276 -0.959110
-3.813900 -20.620319 5.403150 -0.000736 -0.999999 0.000733 0.440696 -0.993010
-3.928590 -20.626678 3.454620 0.256046 -0.464082 -0.847979 0.462082 -0.993162
-2.668650 -19.435318 5.148300 0.739994 0.493632 -0.456877 0.443493 -0.964678
-2.485860 -20.627848 4.437029 0.699760 -0.457022 -0.549060 0.451300 -0.993190
-2.735010 -13.459379 12.481739 0.672627 -0.293319 0.679365 0.363002 -0.821800
-4.408410 -18.809248 11.349239 -0.326725 -0.281584 0.902198 0.375432 -0.949709
-2.958060 -18.835348 11.273429 0.560208 -0.265428 0.784675 0.376264 -0.950333
-5.506710 -13.065689 11.001749 -0.992212 -0.031451 0.120524 0.379246 -0.812387
-4.185359 -13.433279 12.593579 -0.441754 -0.315780 0.839724 0.361774 -0.821176
-1.107330 -3.943739 -24.023218 0.333781 -0.811319 -0.479949 0.763676 -0.594291
-3.423960 -3.929580 -26.813549 0.390152 -0.311838 -0.866336 0.794303 -0.593952
-6.556320 -19.735409 -27.079348 -0.984817 -0.090148 0.148355 0.797220 -0.971853
-5.152709 -15.974638 -26.883568 -0.651547 0.268526 -0.709492 0.795071 -0.881937
-2.219880 7.671659 -44.505596 -0.734753 -0.314662 -0.600938 0.988489 -0.316579
-1.536900 9.791670 -45.124496 -0.523543 0.181587 -0.832423 0.995281 -0.265891
-1.950330 6.646140 -43.921497 -0.613783 -0.711450 -0.342212 0.982078 -0.341098
3.137580 -6.860250 -20.781088 -0.481051 -0.326093 0.813790 0.728091 -0.664021
2.735010 -13.459379 12.481709 -0.672633 -0.293317 0.679360 0.363002 -0.821800
2.339970 -13.152539 10.903919 -0.978168 -0.004122 -0.207773 0.380320 -0.814463
2.958090 -18.835348 11.273429 -0.560199 -0.265430 0.784681 0.376264 -0.950333
2.841750 -20.639519 10.398569 -0.459659 -0.718684 0.521734 0.385866 -0.993469
3.593700 -12.740580 9.121439 -0.500279 -0.051053 -0.864358 0.399884 -0.804614
4.958010 -18.068727 6.136890 0.304723 0.911346 -0.276754 0.432642 -0.932004
2.563020 -18.528509 10.203809 -0.993572 0.100521 0.052066 0.388004 -0.942997
3.816750 -18.112049 8.565239 -0.393669 0.786835 -0.475306 0.405989 -0.933040
3.768780 -18.100979 6.114360 -0.232826 0.930041 -0.284281 0.432889 -0.932775
2.289360 -18.512968 7.096770 -0.772064 0.628680 -0.093164 0.422107 -0.942626
3.559710 -11.128979 8.693009 -0.536782 -0.371518 -0.757522 0.404586 -0.766082
6.129960 -20.627609 4.490970 0.764717 -0.473503 -0.437038 0.450708 -0.993185
4.874159 -19.184189 4.188419 0.317921 0.660851 -0.679854 0.454028 -0.958674
5.756880 -19.386238 5.202209 0.761412 0.534869 -0.366288 0.442901 -0.963505
5.088360 -20.626587 3.477150 0.335910 -0.449403 -0.827769 0.461835 -0.993160
3.891300 -19.202427 4.165889 -0.294321 0.633765 -0.715344 0.454276 -0.959110
2.068170 -20.622417 6.385560 -0.786344 -0.611498 -0.087943 0.429913 -0.993060
3.813900 -20.620319 5.403120 0.000736 -0.999999 0.000733 0.440696 -0.993010
2.485860 -20.627848 4.437029 -0.699760 -0.457022 -0.549060 0.451300 -0.993190
2.668650 -19.435318 5.148300 -0.739994 0.493632 -0.456877 0.443493 -0.964678
3.928590 -20.626678 3.454620 -0.256046 -0.464082 -0.847979 0.462082 -0.993162
4.601550 -12.708328 9.162299 0.570272 -0.050411 -0.819908 0.399436 -0.803843
4.824600 -18.079767 8.592959 0.419301 0.806907 -0.416037 0.405685 -0.932268
5.044230 -20.631208 7.718129 -0.002828 -0.999994 -0.002192 0.415287 -0.993271
3.855000 -20.623348 7.123710 -0.001790 -0.999992 -0.003427 0.421811 -0.993083
2.375580 -20.637959 9.328979 -0.722576 -0.675795 0.145550 0.397606 -0.993432
6.112350 -20.637508 9.395308 0.704470 -0.629647 0.327517 0.396878 -0.993421
5.217209 -20.620138 5.425680 -0.001197 -0.999999 0.000193 0.440448 -0.993006
6.477570 -20.621969 6.439470 0.812122 -0.580001 -0.063694 0.429321 -0.993050
6.026100 -18.434158 7.723649 0.769433 0.638590 -0.013257 0.415226 -0.940741
5.729760 -18.441658 10.270139 0.917330 0.059931 0.393592 0.387276 -0.940921
4.408410 -18.809248 11.349239 0.326725 -0.281585 0.902198 0.375432 -0.949709
4.553129 -20.639368 10.474409 0.225963 -0.770390 0.596187 0.385034 -0.993466
5.506710 -13.065689 11.001749 0.992212 -0.031450 0.120527 0.379246 -0.812387
4.185359 -13.433279 12.593579 0.441747 -0.315780 0.839728 0.361774 -0.821176
3.397380 -16.750048 -22.561497 -0.481609 -0.352030 0.802576 0.747633 -0.900476
-3.390870 -16.750048 -22.561497 0.478532 -0.349962 0.805316 0.747633 -0.900476
-1.747890 -5.407740 -23.771158 0.951162 -0.268724 -0.151914 0.760910 -0.629293
-3.137580 -6.860250 -20.781088 0.480837 -0.325676 0.814083 0.728091 -0.664021
1.747890 -5.407740 -23.771158 -0.951045 -0.269134 -0.151921 0.760910 -0.629293
3.423960 -3.929580 -26.813549 -0.390150 -0.311924 -0.866306 0.794303 -0.593952
1.107330 -3.943739 -24.023218 -0.333781 -0.811319 -0.479949 0.763676 -0.594291
0.000000 -0.134070 -29.042488 0.000000 -0.686274 -0.727343 0.818767 -0.503206
0.000000 4.773570 -32.426697 -0.000003 -0.710559 -0.703638 0.855912 -0.385869
1.675830 -19.621288 -27.218039 -0.984179 -0.175549 -0.023947 0.798742 -0.969124
2.378550 -16.351646 -24.782698 -0.999176 0.022955 0.033469 0.772012 -0.890951
-5.678940 -18.821308 -31.052996 -0.456285 0.819791 -0.346045 0.840834 -0.949998
-5.336340 -20.408728 -32.482796 -0.408924 0.302110 -0.861110 0.856528 -0.987951
-6.427620 -19.926388 -31.201197 -0.785431 0.486172 -0.383061 0.842461 -0.976419
-4.837679 -19.813288 -32.334595 -0.147038 0.542714 -0.826947 0.854901 -0.973715
-3.739590 -19.772879 -32.324696 0.102983 0.564559 -0.818943 0.854792 -0.972749
-3.241170 -18.746279 -31.043097 0.258592 0.897848 -0.356369 0.840726 -0.948204
-1.560720 -19.621288 -27.218039 0.989200 -0.145497 0.017746 0.798742 -0.969124
-2.362680 -16.351646 -24.782698 0.998733 0.035962 0.035197 0.772012 -0.890951
-3.333750 -18.545458 -28.523579 0.389491 0.831405 -0.396311 0.813072 -0.943402
-5.549910 -18.621088 -28.431629 -0.584613 0.728149 -0.357808 0.812062 -0.945211
-3.602730 -15.946198 -27.042717 0.493248 0.263347 -0.829069 0.796818 -0.881257
-2.804010 -20.912668 -32.608196 0.291997 -0.553353 -0.780088 0.857904 -1.000000
-5.314199 -20.912668 -32.608196 -0.296717 -0.560601 -0.773101 0.857904 -1.000000
-2.861040 -20.347738 -32.467495 0.330668 0.417449 -0.846401 0.856360 -0.986493
-5.529900 -20.678547 -25.934818 -0.426425 -0.777038 0.463005 0.784658 -0.994402
-6.855060 -20.861729 -31.326595 -0.812784 -0.465535 -0.350227 0.843837 -0.998782
-1.282440 -20.861729 -31.326595 0.849992 -0.470566 -0.236814 0.843837 -0.998782
-1.649220 -19.813229 -31.185898 0.785245 0.546632 -0.290834 0.842293 -0.973714
-3.030810 -20.678547 -25.934938 0.369535 -0.816944 0.442771 0.784659 -0.994402
1.966440 -20.861729 -31.326595 -0.823105 -0.537223 -0.184090 0.843837 -0.998782
2.770200 -20.898598 -32.572796 -0.461836 -0.480131 -0.745776 0.857515 -0.999664
3.087570 -20.678547 -25.934938 -0.382743 -0.817895 0.429600 0.784659 -0.994402
5.783969 -20.898567 -32.572796 0.447498 -0.446505 -0.774841 0.857515 -0.999663
2.986620 -20.318668 -32.432396 -0.388940 0.450440 -0.803635 0.855974 -0.985798
3.830279 -19.728539 -32.289299 -0.127599 0.568438 -0.812771 0.854404 -0.971689
2.188800 -19.813229 -31.179296 -0.843086 0.447210 -0.298678 0.842221 -0.973714
3.607350 -15.946198 -27.042717 -0.496590 0.258528 -0.828590 0.796818 -0.881257
3.378480 -18.545458 -28.523579 -0.397975 0.826688 -0.397748 0.813072 -0.943402
3.289590 -18.746307 -31.043097 -0.321206 0.872932 -0.367173 0.840726 -0.948205
5.630610 -18.821308 -31.052996 0.457642 0.821125 -0.341054 0.840834 -0.949998
5.363699 -20.381248 -32.447399 0.277156 0.414976 -0.866591 0.856139 -0.987294
4.884809 -19.770027 -32.299496 0.163325 0.542962 -0.823721 0.854516 -0.972681
0.000000 5.843009 -43.614296 0.000000 -0.955597 -0.294678 0.978706 -0.360300
2.219880 7.671659 -44.505596 0.734753 -0.314662 -0.600937 0.988489 -0.316579
0.000000 8.586510 -45.554394 0.000000 -0.219039 -0.975716 1.000000 -0.294706
1.536900 9.791639 -45.124496 0.523544 0.181584 -0.832423 0.995281 -0.265892
0.000000 6.413519 -40.672497 0.000000 -0.982331 0.187152 0.946417 -0.346659
1.950330 6.646140 -43.921497 0.613783 -0.711450 -0.342212 0.982078 -0.341098
5.487480 -20.678547 -25.934818 0.433826 -0.776957 0.456216 0.784658 -0.994402
5.143229 -15.974638 -26.883568 0.655581 0.262382 -0.708074 0.795071 -0.881937
5.506710 -18.621088 -28.431629 0.592776 0.722601 -0.355617 0.812062 -0.945211
6.473189 -19.735409 -27.079378 0.985619 -0.104213 0.133022 0.797220 -0.971853
6.612659 -20.861729 -31.326595 0.802382 -0.549422 -0.233065 0.843837 -0.998782
6.376980 -19.926418 -31.194595 0.835803 0.440649 -0.327509 0.842388 -0.976420
2.012730 -4.756110 -19.317448 0.501982 -0.846553 0.177093 0.712026 -0.613714
3.906180 -5.817359 -6.490499 0.682008 -0.730275 0.039542 0.571239 -0.639087
2.322480 0.239970 -28.941267 0.237650 -0.502515 -0.831265 0.817656 -0.494263
5.518919 -4.033200 -26.599318 0.657872 -0.117913 -0.743842 0.791951 -0.596430
5.129369 -16.749958 -22.561319 0.524081 -0.352943 0.775094 0.747631 -0.900474
5.840730 -16.394579 -24.542639 0.994956 -0.026186 0.096836 0.769377 -0.891977
2.891490 5.517509 -32.325294 0.635953 -0.490083 -0.596139 0.854799 -0.368082
3.076500 8.694539 -34.668896 0.796501 -0.594588 0.109779 0.880522 -0.292123
-2.012730 -4.756110 -19.317448 -0.501982 -0.846553 0.177093 0.712026 -0.613714
-3.906180 -5.817359 -6.490499 -0.682008 -0.730275 0.039542 0.571239 -0.639087
-2.322480 0.239970 -28.941267 -0.237650 -0.502514 -0.831265 0.817656 -0.494263
0.000000 6.483419 -37.344296 0.000000 -0.996593 0.082471 0.909887 -0.344988
0.000000 6.564479 -39.415798 0.000000 -0.996826 -0.079606 0.932623 -0.343050
-5.518919 -4.033200 -26.599318 -0.657833 -0.117618 -0.743924 0.791951 -0.596430
-5.856599 -16.394579 -24.542639 -0.994736 -0.021130 0.100265 0.769377 -0.891977
-5.138730 -16.749958 -22.561319 -0.522749 -0.351861 0.776484 0.747631 -0.900474
-3.076500 8.694539 -34.668896 -0.796501 -0.594588 0.109780 0.880522 -0.292123
-2.891490 5.517540 -32.325294 -0.635955 -0.490082 -0.596138 0.854799 -0.368081
-6.099720 -0.005580 -6.490649 -0.991101 -0.132553 0.012162 0.571241 -0.500134
0.000000 13.841399 -6.491010 0.000000 0.999597 -0.028379 0.571245 -0.169067
-3.970620 12.459689 -6.490979 -0.786303 0.617683 -0.013966 0.571244 -0.202102
0.000000 14.511629 -42.805794 0.000002 0.411424 -0.911444 0.969832 -0.153042
0.000000 15.150238 5.529449 0.000000 0.992862 -0.119265 0.439309 -0.137774
-2.508690 13.634609 -42.574497 -0.595752 0.275725 -0.754357 0.967293 -0.174011
-2.939400 17.978067 -31.296297 -0.681839 0.710802 0.172787 0.843505 -0.070163
-4.523280 11.883389 -32.066395 -0.998412 -0.005512 -0.056056 0.851957 -0.215881
0.000000 20.051128 -37.342197 0.000000 0.984582 -0.174923 0.909864 -0.020599
0.000000 19.801558 -33.711895 0.000000 0.968444 0.249232 0.870018 -0.026565
2.508690 13.634580 -42.574497 0.595754 0.275724 -0.754357 0.967293 -0.174011
0.000000 18.041367 -41.527199 0.000000 0.660057 -0.751215 0.955798 -0.068650
0.000000 18.865528 -31.175697 0.000003 0.959514 0.281660 0.842181 -0.048945
2.939400 17.978039 -31.296297 0.681843 0.710798 0.172789 0.843505 -0.070164
4.523280 11.883389 -32.066395 0.998412 -0.005511 -0.056056 0.851957 -0.215881
0.000000 17.648909 -27.223167 0.000001 0.938764 0.344562 0.798798 -0.078033
3.970620 12.459689 -6.490979 0.786303 0.617683 -0.013966 0.571244 -0.202102
6.099720 -0.005580 -6.490649 0.991101 -0.132553 0.012162 0.571241 -0.500134
6.470279 -5.284979 -23.878347 0.999711 -0.023581 -0.004625 0.762086 -0.626358
5.339220 7.746299 -29.142389 0.952243 -0.017341 -0.304847 0.819864 -0.314794
3.473160 16.468557 -27.343918 0.730034 0.662888 0.166222 0.800124 -0.106254
4.308419 14.717969 -23.453428 0.770475 0.590993 0.238947 0.757422 -0.148109
5.500020 -6.860010 -20.780819 0.613977 -0.140503 0.776718 0.728088 -0.664016
6.453929 3.279780 -24.764668 0.997976 0.063547 0.002168 0.771814 -0.421584
3.476100 13.320659 -19.977028 0.769904 0.597264 0.224774 0.719266 -0.181517
5.343719 0.886380 -19.317598 0.983150 -0.083394 0.162668 0.712028 -0.478808
4.810709 13.123649 -34.113598 0.942523 0.037106 0.332075 0.874427 -0.186227
6.788939 10.957829 -37.297195 0.977888 -0.172388 0.118393 0.909370 -0.238010
3.157740 11.111639 -41.909996 0.795806 -0.059240 -0.602647 0.959999 -0.234332
3.127440 18.332159 -33.838493 0.703867 0.676539 0.216488 0.871408 -0.061697
2.467650 7.882229 -41.059494 0.685429 -0.694546 -0.218614 0.950664 -0.311544
5.786100 12.118649 -40.251297 0.803983 0.014805 -0.594467 0.941794 -0.210256
5.009640 7.396860 -37.343994 0.635782 -0.758199 0.144623 0.909884 -0.323149
4.592070 8.321520 -39.802799 0.642992 -0.560005 -0.522452 0.936871 -0.301041
2.676630 19.365747 -37.342499 0.373941 0.926823 0.034154 0.909867 -0.036985
4.199130 20.912668 -40.033195 0.151636 0.865736 -0.476977 0.939400 0.000000
5.311529 16.281599 -37.250397 0.930451 0.355874 0.087264 0.908856 -0.110724
3.784499 17.846159 -40.151997 0.515796 0.416147 -0.748850 0.940704 -0.073317
1.247610 3.611310 15.167758 0.113011 -0.349540 0.930081 0.333520 -0.413657
2.027490 8.495399 16.096289 0.730236 -0.072519 0.679335 0.323329 -0.296884
3.137040 13.433189 13.299989 0.555612 0.671695 0.490021 0.354021 -0.178827
0.000000 11.744609 15.922049 -0.004202 0.794612 0.607103 0.325241 -0.219199
1.318080 11.420369 15.939419 0.476872 0.600926 0.641468 0.325051 -0.226951
4.478189 14.325419 8.804879 0.734583 0.678447 0.009875 0.403359 -0.157494
5.170589 -8.272199 6.607170 0.656810 -0.469660 -0.589933 0.427480 -0.697780
4.192560 -6.009809 13.403099 0.483412 0.037156 0.874604 0.352889 -0.643688
4.567530 -11.113890 8.753789 0.626081 -0.342673 -0.700427 0.403919 -0.765721
5.778180 -7.052610 10.244309 0.983841 -0.092237 0.153456 0.387560 -0.668621
4.151340 -11.452559 13.855379 0.422334 -0.195873 0.885024 0.347925 -0.773819
5.472690 -11.280839 11.488679 0.981615 -0.049826 0.184253 0.373902 -0.769713
4.825409 6.489329 14.975219 0.716015 -0.006106 0.698058 0.335634 -0.344847
3.498540 -0.471150 13.469339 0.457903 -0.167864 0.873010 0.352162 -0.511265
3.327690 13.833869 4.918980 0.724346 0.669908 -0.162932 0.446010 -0.169247
6.875669 2.976450 9.266909 0.995997 0.006572 0.089144 0.398287 -0.428836
6.402689 -1.981710 9.331889 0.983475 -0.054126 0.172762 0.397574 -0.547381
5.281919 -4.600560 4.570769 0.723735 -0.332616 -0.604628 0.449832 -0.609995
5.116829 1.826580 2.577660 0.994328 -0.028095 -0.102581 0.471708 -0.456328
-6.470279 -5.284979 -23.878347 -0.999726 -0.022991 -0.004306 0.762086 -0.626358
-5.339220 7.746299 -29.142389 -0.952243 -0.017341 -0.304848 0.819864 -0.314794
-3.473160 16.468557 -27.343918 -0.730034 0.662887 0.166224 0.800124 -0.106254
-4.308419 14.717969 -23.453428 -0.770475 0.590993 0.238947 0.757422 -0.148109
0.000000 14.662108 -19.977087 0.000000 0.968789 0.247887 0.719266 -0.149444
0.000000 16.028128 -23.332649 0.000000 0.927772 0.373148 0.756097 -0.116784
-5.500020 -6.860010 -20.780819 -0.613806 -0.140194 0.776909 0.728088 -0.664016
-6.453929 3.279780 -24.764668 -0.997976 0.063547 0.002168 0.771814 -0.421584
-5.343719 0.886380 -19.317598 -0.983150 -0.083394 0.162668 0.712028 -0.478808
-3.476100 13.320659 -19.977028 -0.769904 0.597264 0.224774 0.719266 -0.181517
-4.810709 13.123649 -34.113598 -0.942523 0.037106 0.332074 0.874427 -0.186227
-6.788939 10.957829 -37.297195 -0.977888 -0.172388 0.118393 0.909370 -0.238010
-3.157740 11.111639 -41.909996 -0.795807 -0.059240 -0.602646 0.959999 -0.234332
-3.127440 18.332159 -33.838493 -0.703867 0.676539 0.216485 0.871408 -0.061697
-5.009640 7.396860 -37.343994 -0.635782 -0.758199 0.144623 0.909884 -0.323149
-5.786100 12.118649 -40.251297 -0.803983 0.014805 -0.594467 0.941794 -0.210256
-2.467650 7.882229 -41.059494 -0.685429 -0.694546 -0.218614 0.950664 -0.311544
-4.592070 8.321520 -39.802799 -0.642992 -0.560005 -0.522452 0.936871 -0.301041
-2.676630 19.365747 -37.342499 -0.373941 0.926823 0.034154 0.909867 -0.036985
-4.199130 20.912668 -40.033195 -0.151636 0.865736 -0.476977 0.939400 0.000000
-3.784499 17.846159 -40.151997 -0.515797 0.416148 -0.748849 0.940704 -0.073317
-5.311529 16.281599 -37.250397 -0.930451 0.355874 0.087264 0.908856 -0.110724
-1.247610 3.611310 15.167758 -0.113217 -0.348811 0.930329 0.333520 -0.413657
0.000000 6.859859 16.184008 0.002867 -0.786065 0.618138 0.322366 -0.335988
0.000000 15.583379 8.753669 0.000000 0.997599 0.069255 0.403921 -0.127418
-4.478189 14.325419 8.804879 -0.734583 0.678447 0.009875 0.403359 -0.157494
-5.170589 -8.272199 6.607170 -0.656809 -0.469662 -0.589932 0.427480 -0.697780
-4.192560 -6.009809 13.403099 -0.483413 0.037156 0.874604 0.352889 -0.643688
-4.151340 -11.452559 13.855379 -0.422333 -0.195870 0.885025 0.347925 -0.773819
-5.778180 -7.052610 10.244309 -0.983841 -0.092237 0.153456 0.387560 -0.668621
-4.567530 -11.113890 8.753819 -0.626094 -0.342662 -0.700421 0.403919 -0.765721
-5.472690 -11.280839 11.488709 -0.981614 -0.049826 0.184258 0.373901 -0.769713
-3.498540 -0.471150 13.469339 -0.457903 -0.167864 0.873010 0.352162 -0.511265
-4.825409 6.489329 14.975219 -0.711517 0.004081 0.702657 0.335634 -0.344847
0.000000 14.081609 13.282589 -0.001140 0.880495 0.474054 0.354212 -0.163323
-3.137040 13.433159 13.299989 -0.555363 0.664451 0.500076 0.354021 -0.178827
-2.027490 8.495399 16.096289 -0.774979 -0.012248 0.631868 0.323329 -0.296884
-1.318080 11.420369 15.939419 -0.519237 0.583789 0.624166 0.325051 -0.226951
-3.327690 13.833869 4.918980 -0.724346 0.669908 -0.162932 0.446010 -0.169247
-6.875669 2.976450 9.266909 -0.995997 0.006572 0.089144 0.398287 -0.428836
-5.116829 1.826580 2.577660 -0.994328 -0.028095 -0.102581 0.471708 -0.456328
-5.281919 -4.600560 4.570769 -0.723735 -0.332616 -0.604628 0.449832 -0.609995
-6.402689 -1.981710 9.331889 -0.983475 -0.054126 0.172762 0.397574 -0.547381

1806

300 301 302 299 300 302 298 300 299 295 
296 297 294 295 297 299 292 293 302 
292 299 289 290 291 288 289 291 287 
289 288 286 290 289 287 292 302 289 
287 302 286 302 301 289 302 286 284 
298 285 294 284 285 293 282 283 296 
293 283 295 294 285 292 282 293 295 
293 296 293 295 285 285 299 293 298 
299 285 279 280 281 278 280 279 281 
278 279 275 276 277 274 275 277 273 
278 281 272 276 275 271 275 274 280 
272 275 270 271 274 270 273 281 281 
280 275 271 270 281 275 271 281 267 
268 269 266 268 267 263 264 265 262 
263 265 269 264 263 261 263 262 260 
266 267 267 269 263 261 260 267 263 
261 267 257 258 259 256 257 259 255 
256 259 256 253 254 257 256 254 250 
251 252 249 250 252 248 251 250 247 
250 249 247 258 257 248 257 254 250 
257 248 250 247 257 246 255 284 294 
246 284 243 244 245 294 244 243 253 
245 242 241 253 242 246 294 243 254 
253 241 243 245 253 253 246 243 246 
253 256 255 246 256 238 239 240 237 
238 240 239 238 237 234 235 236 233 
234 236 232 239 237 231 234 233 240 
234 231 230 235 234 229 235 230 229 
239 232 239 234 240 230 239 229 230 
234 239 226 227 228 225 226 228 224 
265 264 227 224 264 223 265 224 222 
223 224 221 226 225 226 224 227 222 
226 221 224 226 222 219 220 228 218 
265 223 217 223 222 216 223 217 229 
216 217 216 215 218 232 215 216 232 
216 229 223 216 218 213 214 240 231 
213 240 237 211 212 211 240 214 237 
240 211 212 215 232 237 212 232 209 
270 210 209 215 273 273 270 209 208 
272 280 278 212 211 214 208 280 280 
278 211 212 273 215 278 273 212 207 
298 284 207 284 255 206 208 214 213 
206 214 218 262 265 209 262 218 215 
209 218 210 262 209 261 262 210 214 
280 211 297 244 294 219 207 255 205 
298 207 204 207 219 204 205 207 227 
204 219 228 227 219 205 268 203 269 
268 205 269 205 204 210 201 202 261 
210 202 199 200 260 198 199 260 270 
201 210 197 277 276 274 197 196 201 
274 196 277 197 274 270 274 201 195 
261 202 266 260 200 198 261 195 203 
193 194 300 203 194 268 193 203 260 
261 198 229 217 192 191 192 217 222 
191 217 221 189 190 188 221 190 197 
233 236 235 196 197 192 196 235 236 
235 197 229 192 235 187 191 222 225 
189 221 188 187 222 220 259 186 185 
220 186 228 220 185 221 188 222 182 
183 184 181 182 184 180 182 181 190 
179 182 190 182 180 233 177 178 231 
233 178 174 175 176 173 178 177 175 
178 173 174 213 231 176 213 174 174 
178 175 178 174 231 170 171 172 169 
170 172 184 171 170 170 168 181 169 
168 170 170 181 184 167 181 168 180 
181 167 165 166 169 164 166 165 172 
165 169 163 184 183 171 184 163 179 
189 162 163 161 164 165 172 171 164 
165 171 163 164 171 183 161 163 160 
161 183 190 189 179 179 160 183 162 
160 179 179 183 182 157 158 159 166 
160 162 157 155 156 159 155 157 152 
153 154 157 154 158 152 154 157 149 
150 151 148 149 151 147 149 148 145 
146 158 154 145 158 145 144 146 142 
153 143 141 142 143 156 143 153 144 
142 141 141 150 149 146 144 141 142 
154 153 145 154 142 144 145 142 149 
146 141 146 147 158 149 147 146 159 
158 147 168 139 140 169 139 168 166 
139 169 167 168 140 162 139 166 164 
161 160 166 164 160 187 137 138 191 
187 138 152 157 156 152 156 153 136 
137 187 135 136 187 187 188 135 135 
188 180 134 185 136 135 134 136 148 
132 133 131 148 133 151 132 148 130 
139 162 140 139 130 159 131 200 155 
159 200 147 131 159 148 131 147 129 
252 251 128 249 252 128 252 129 125 
126 127 125 123 124 121 122 123 121 
127 120 119 121 120 118 121 119 122 
121 118 125 121 123 117 125 124 116 
125 117 128 125 116 125 127 121 126 
125 128 113 114 115 112 113 115 111 
113 112 110 115 114 109 115 110 115 
109 122 122 112 115 106 107 108 109 
107 106 106 124 123 108 124 106 110 
107 109 123 122 109 109 106 123 116 
249 128 105 249 116 103 110 104 103 
101 102 104 101 103 103 100 107 110 
103 107 100 103 102 119 111 112 114 
104 110 108 107 100 112 122 118 118 
119 112 117 100 102 124 100 117 100 
124 108 99 105 116 120 101 104 111 
104 114 111 119 120 111 114 113 104 
111 120 98 120 127 97 120 98 101 
120 97 101 95 96 97 95 101 102 
101 96 126 97 98 126 98 127 129 
95 97 99 102 96 117 102 99 126 
129 97 116 117 99 128 129 126 185 
134 94 94 228 185 228 94 225 140 
130 94 130 162 189 130 225 94 225 
130 189 167 140 134 134 140 94 134 
135 167 167 135 180 190 180 188 199 
155 200 93 177 276 272 93 276 91 
92 175 173 177 93 175 173 93 91 
272 208 92 91 208 91 175 93 93 
272 91 90 151 150 90 89 199 89 
90 150 141 143 150 143 89 150 156 
89 143 89 155 199 155 89 156 198 
88 90 151 90 88 199 198 90 138 
137 195 202 138 195 87 195 137 88 
195 87 88 198 195 87 193 132 88 
87 132 86 288 291 85 86 291 85 
291 290 86 83 84 82 86 84 85 
83 86 79 80 81 78 79 81 77 
80 79 76 77 79 75 79 78 76 
79 75 72 73 74 76 72 74 77 
76 74 72 70 71 73 72 71 76 
75 70 72 76 70 69 85 290 68 
69 290 67 78 81 64 65 66 63 
64 66 77 64 63 64 74 62 77 
74 64 62 65 64 80 77 63 59 
60 61 58 59 61 57 60 59 74 
73 62 56 59 58 55 65 62 78 
60 57 75 78 57 67 60 78 71 
55 62 56 55 71 73 71 62 56 
70 59 71 70 56 59 75 57 70 
75 59 54 69 68 81 80 67 61 
63 66 67 61 60 63 61 67 80 
63 67 61 84 53 58 61 53 66 
84 61 82 84 66 52 82 66 65 
52 66 83 56 58 83 58 53 84 
83 53 54 52 65 55 54 65 69 
54 55 56 69 55 85 69 56 56 
83 85 133 132 193 193 268 133 266 
133 268 266 131 133 200 131 266 132 
151 88 51 105 99 49 68 50 47 
48 287 288 47 287 82 47 288 49 
52 54 68 49 54 82 52 47 49 
48 47 50 48 49 49 47 52 96 
51 99 45 46 50 44 46 45 44 
286 301 45 286 44 45 290 286 68 
290 45 68 45 50 86 82 288 95 
251 43 96 95 43 51 96 43 129 
251 95 40 41 42 39 40 42 247 
42 41 249 42 247 105 42 249 105 
39 42 258 247 41 51 38 39 43 
38 51 105 51 39 248 38 43 251 
248 43 38 248 254 37 38 254 37 
40 39 38 37 39 36 48 50 46 
36 50 35 46 44 282 36 46 33 
34 282 241 34 33 32 241 33 35 
282 46 33 282 35 31 32 33 35 
31 33 30 31 35 292 48 36 44 
301 30 30 301 300 287 48 292 44 
30 35 32 41 40 28 29 31 241 
40 37 32 40 241 32 31 29 28 
31 30 29 259 258 258 41 29 29 
41 32 186 29 28 29 186 259 254 
241 37 282 292 36 27 176 175 92 
27 175 27 92 206 176 27 206 197 
177 233 177 197 276 208 206 92 213 
176 206 26 196 192 26 201 196 191 
26 192 138 26 191 26 138 202 202 
201 26 24 185 25 193 24 25 136 
185 24 87 24 193 24 87 137 137 
136 24 194 30 300 194 28 30 25 
28 194 21 22 23 20 22 21 19 
20 21 19 21 18 21 17 18 23 
17 21 15 16 283 283 241 242 14 
242 245 15 242 14 283 242 15 13 
22 20 19 13 20 10 11 12 11 
9 12 8 245 244 14 245 8 12 
7 22 12 22 13 9 7 12 12 
13 10 10 13 19 6 244 297 8 
6 17 5 8 17 14 5 4 8 
5 14 244 6 8 3 15 4 4 
15 14 3 16 15 4 2 11 5 
2 4 3 4 11 16 296 283 1 
296 16 1 297 296 6 297 1 2 
7 9 23 7 2 22 7 23 0 
18 1 16 0 1 17 6 1 17 
1 18 3 0 16 34 241 283 282 
34 283 11 2 9 23 2 5 23 
5 17 10 3 11 18 0 19 0 
3 10 19 0 10 25 185 186 28 
25 186 193 25 194 264 269 204 227 
264 204 255 220 219 259 220 255 298 
205 203 300 298 203 